0.000000
12.000000
12.000000
0.000000
28.000000
25.000000
25.000000
0.000000
0.000000
0.000000
0.000000
0.000000
10.000000
10.000000
29.000000
29.000000
29.000000
7.000000
7.000000
0.000000
0.000000
2.000000
2.000000
2.000000
0.000000
44.000000
8.000000
0.000000
0.000000
42.000000
42.000000
44.000000
0.000000
36.000000
36.000000
39.000000
39.000000
0.000000
0.000000
13.000000
0.000000
42.000000
42.000000
0.000000
0.000000
2.000000
42.000000
31.000000
31.000000
0.000000
0.000000
0.000000
0.000000
0.000000
0.000000
0.000000
0.000000
45.000000
0.000000
46.000000
46.000000
0.000000
0.000000
46.000000
42.000000
42.000000
42.000000
0.000000
0.000000
0.000000
0.000000
0.000000
0.000000
0.000000
1.000000
1.000000
28.000000
0.000000
0.000000
0.000000
0.000000
0.000000
0.000000
10.000000
2.000000
2.000000
0.000000
42.000000
7.000000
2.000000
2.000000
42.000000
42.000000
0.000000
7.000000
7.000000
0.000000
0.000000
0.000000
0.000000
0.000000
2.000000
0.000000
0.000000
0.000000
2.000000
2.000000
2.000000
0.000000
0.000000
0.000000
2.000000
2.000000
2.000000
0.000000
4.000000
29.708334
0.000000
0.000000
0.000000
7.104167
16.791666
0.000000
0.000000
7.104167
0.000000
0.000000
0.000000
0.000000
0.000000
0.000000
0.000000
0.000000
28.000000
0.000000
4.000000
4.000000
0.000000
0.000000
0.000000
0.000000
25.833334
0.000000
3.229167
0.000000
0.000000
0.000000
0.000000
0.000000
0.000000
0.000000
7.104167
0.000000
0.000000
25.833334
25.833334
0.000000
0.000000
0.000000
0.000000
3.229167
3.229167
7.104167
7.104167
0.000000
0.000000
0.000000
7.104167
0.000000
0.000000
7.104167
7.104167
7.104167
1.000000
0.000000
0.000000
29.062500
0.000000
0.000000
0.000000
7.104167
7.104167
0.000000
7.104167
0.000000
0.000000
0.000000
38.000000
39.000000
39.000000
0.000000
0.000000
0.000000
36.000000
36.000000
31.000000
31.000000
31.000000
0.000000
0.000000
21.000000
21.000000
0.000000
0.000000
41.000000
0.000000
3.229167
0.000000
0.000000
0.000000
0.000000
0.000000
0.000000
6.000000
0.000000
28.000000
7.000000
0.000000
0.000000
25.833334
0.000000
3.229167
3.229167
3.229167
0.000000
0.000000
18.083334
2.000000
0.000000
10.000000
43.000000
0.000000
0.000000
42.000000
0.000000
0.000000
0.000000
0.000000
0.000000
0.000000
0.000000
0.000000
16.791666
0.000000
0.000000
0.000000
0.000000
0.000000
7.104167
7.104167
0.000000
0.000000
0.000000
15.000000
15.000000
0.000000
15.000000
15.000000
15.000000
2.000000
0.000000
0.000000
0.000000
0.000000
0.000000
0.000000
0.000000
0.000000
7.104167
7.104167
7.104167
0.000000
7.104167
7.104167
0.000000
0.000000
0.000000
4.000000
4.000000
0.000000
0.000000
4.000000
0.000000
29.000000
0.000000
0.000000
0.000000
0.000000
5.000000
42.000000
42.000000
0.000000
0.000000
42.000000
0.000000
2.000000
2.000000
2.000000
0.000000
0.000000
9.000000
9.000000
9.000000
0.000000
0.000000
0.000000
0.000000
0.000000
0.000000
0.000000
4.000000
0.000000
27.770834
3.229167
0.000000
3.875000
3.875000
0.000000
29.000000
0.000000
0.000000
0.000000
0.000000
0.000000
0.000000
6.000000
6.000000
7.000000
0.000000
0.000000
3.229167
0.000000
0.000000
0.000000
3.875000
0.000000
0.000000
3.875000
0.000000
7.104167
7.104167
0.000000
0.000000
7.104167
0.000000
0.000000
16.791666
0.000000
4.000000
0.000000
3.000000
0.000000
0.000000
3.229167
0.000000
0.000000
0.000000
0.000000
3.229167
0.000000
2.000000
42.000000
42.000000
6.000000
6.000000
25.833334
0.000000
0.000000
0.000000
0.000000
29.000000
0.000000
0.000000
7.000000
42.000000
42.000000
0.000000
7.000000
7.000000
19.000000
19.000000
41.000000
0.000000
41.000000
0.000000
0.000000
6.000000
1.000000
1.000000
0.000000
0.000000
7.000000
0.000000
0.000000
1.000000
0.000000
18.083334
46.000000
10.000000
0.000000
0.000000
0.000000
0.000000
30.000000
30.000000
0.000000
25.000000
25.000000
0.000000
0.000000
1.000000
1.000000
0.000000
39.000000
39.000000
0.000000
13.000000
13.000000
13.000000
43.000000
0.000000
43.000000
0.000000
43.000000
43.000000
0.000000
0.000000
7.000000
0.000000
0.000000
0.000000
0.000000
17.000000
0.000000
29.062500
29.062500
0.000000
0.000000
0.000000
3.875000
0.000000
0.000000
7.000000
25.833334
0.000000
0.000000
7.104167
7.104167
7.104167
7.104167
0.000000
7.104167
0.000000
0.000000
0.000000
16.791666
0.000000
0.000000
0.000000
0.000000
0.000000
30.000000
30.000000
0.000000
0.000000
0.000000
20.000000
0.000000
20.000000
0.000000
3.229167
0.000000
0.000000
30.000000
0.000000
0.000000
0.000000
0.000000
0.000000
42.000000
42.000000
42.000000
43.000000
43.000000
0.000000
46.000000
46.000000
46.000000
0.000000
0.000000
0.000000
46.000000
29.000000
4.000000
0.000000
0.000000
0.000000
7.000000
30.000000
17.000000
17.000000
0.000000
0.000000
0.000000
7.104167
0.000000
7.104167
0.000000
0.000000
33.000000
33.000000
2.000000
0.000000
0.000000
2.000000
0.000000
0.000000
0.000000
0.000000
0.000000
0.000000
7.000000
0.000000
0.000000
2.000000
2.000000
2.000000
2.000000
2.000000
0.000000
46.000000
0.000000
30.000000
30.000000
0.000000
0.000000
20.000000
0.000000
0.000000
0.000000
38.500000
0.000000
14.666667
0.000000
39.000000
16.000000
16.000000
16.000000
13.000000
0.000000
0.000000
0.000000
11.000000
0.000000
0.000000
0.000000
0.000000
2.000000
2.000000
2.000000
0.000000
2.000000
2.000000
0.000000
27.000000
0.000000
33.000000
33.000000
33.000000
0.000000
0.000000
0.000000
0.000000
0.000000
0.000000
0.000000
23.000000
0.000000
2.000000
42.000000
42.000000
42.000000
0.000000
7.000000
7.000000
0.000000
0.000000
0.000000
2.000000
0.000000
3.229167
0.000000
0.000000
41.000000
6.000000
6.000000
7.000000
0.000000
42.000000
42.000000
42.000000
0.000000
7.000000
7.000000
7.000000
0.000000
10.000000
0.000000
0.000000
10.000000
0.000000
7.916667
0.000000
7.000000
0.000000
0.000000
36.000000
23.000000
0.000000
23.000000
23.000000
0.000000
0.000000
0.000000
0.000000
0.000000
10.000000
0.000000
0.000000
0.000000
0.000000
20.000000
0.000000
0.000000
24.000000
23.000000
23.000000
0.000000
0.000000
0.000000
21.000000
20.000000
42.000000
0.000000
0.000000
0.000000
43.000000
43.000000
43.000000
0.000000
42.000000
42.000000
42.000000
0.000000
42.000000
36.000000
0.000000
0.000000
9.000000
12.000000
12.000000
12.000000
38.187500
38.187500
0.000000
0.000000
0.000000
0.000000
45.000000
45.000000
0.000000
46.000000
2.000000
0.000000
2.000000
2.000000
2.000000
0.000000
0.000000
0.000000
0.000000
0.000000
41.000000
6.000000
0.000000
0.000000
0.000000
2.000000
42.000000
2.000000
0.000000
0.000000
0.000000
42.000000
42.000000
0.000000
46.000000
0.000000
0.000000
0.000000
0.000000
10.000000
0.000000
0.000000
10.000000
10.000000
0.000000
0.000000
10.000000
0.000000
36.000000
39.000000
40.000000
16.000000
0.000000
16.000000
24.000000
23.000000
47.000000
19.000000
0.000000
20.000000
0.000000
31.000000
0.000000
0.000000
0.000000
18.083334
20.020834
0.000000
0.000000
0.000000
5.000000
7.000000
0.000000
0.000000
0.000000
0.000000
0.000000
0.000000
7.000000
42.000000
0.000000
0.000000
0.000000
43.000000
0.000000
0.000000
0.000000
0.000000
0.000000
0.000000
0.000000
0.000000
0.000000
16.791666
0.000000
0.000000
0.000000
0.000000
13.000000
21.958334
0.000000
0.000000
21.958334
0.000000
0.000000
0.000000
7.104167
7.104167
7.104167
7.104167
0.000000
0.000000
0.000000
7.000000
7.000000
0.000000
0.000000
17.000000
0.000000
0.000000
0.000000
18.729166
20.020834
0.000000
20.020834
21.958334
21.958334
21.958334
0.000000
0.000000
31.000000
31.000000
22.000000
0.000000
22.000000
21.000000
0.000000
30.000000
0.000000
21.000000
21.000000
21.000000
23.000000
23.000000
36.000000
36.000000
24.000000
23.000000
0.000000
36.000000
0.000000
0.000000
0.000000
0.000000
0.000000
0.000000
0.000000
0.000000
0.000000
46.000000
46.000000
0.000000
31.000000
31.000000
0.000000
0.000000
22.000000
22.000000
0.000000
0.000000
0.000000
0.000000
13.000000
13.000000
0.000000
41.000000
0.000000
4.000000
0.000000
46.000000
0.000000
46.000000
17.000000
17.000000
0.000000
31.000000
31.000000
31.000000
0.000000
0.000000
0.000000
28.000000
1.000000
1.000000
4.000000
4.000000
0.000000
4.000000
0.000000
3.875000
3.875000
0.000000
0.000000
3.875000
0.000000
33.000000
33.000000
0.000000
33.000000
4.000000
1.000000
1.000000
0.000000
29.000000
28.000000
0.000000
3.875000
3.875000
3.875000
0.000000
7.916667
7.916667
0.000000
0.000000
12.187500
0.000000
2.000000
0.000000
2.000000
0.000000
2.000000
0.000000
0.000000
0.000000
3.229167
3.229167
3.250000
0.000000
0.000000
0.000000
0.000000
0.000000
0.000000
0.000000
7.104167
0.000000
6.996528
7.041667
0.000000
0.000000
0.000000
0.000000
0.000000
1.000000
0.000000
4.000000
4.000000
4.000000
28.000000
0.000000
0.000000
3.229167
0.000000
34.125000
34.041668
0.000000
0.000000
0.000000
0.000000
0.000000
1.000000
0.000000
0.000000
1.000000
29.000000
0.000000
0.000000
1.000000
31.000000
31.000000
0.000000
31.000000
13.000000
0.000000
0.000000
23.000000
23.000000
23.000000
28.000000
0.000000
29.000000
0.000000
0.000000
4.000000
0.000000
3.229167
0.000000
0.000000
0.000000
0.000000
0.000000
0.000000
0.000000
33.000000
0.000000
29.000000
0.000000
4.000000
0.000000
2.000000
38.000000
25.833334
25.833334
25.833334
0.000000
0.000000
0.000000
7.104167
7.104167
36.000000
36.000000
29.000000
1.000000
0.000000
29.000000
0.000000
0.000000
4.000000
0.000000
0.000000
0.000000
0.000000
29.000000
0.000000
0.000000
0.000000
12.000000
0.000000
12.000000
12.000000
12.000000
0.000000
0.000000
21.000000
0.000000
0.000000
21.958334
21.958334
0.000000
21.958334
0.000000
31.000000
0.000000
22.000000
22.000000
0.000000
29.000000
29.000000
29.000000
28.000000
27.770834
3.229167
0.000000
29.000000
29.062500
25.833334
0.000000
0.000000
27.000000
0.000000
0.000000
2.000000
33.000000
28.000000
0.000000
0.000000
0.000000
3.229167
0.000000
0.000000
4.000000
4.000000
3.875000
0.000000
0.000000
0.000000
0.000000
0.000000
31.000000
0.000000
0.000000
20.020834
0.000000
21.958334
21.958334
21.958334
0.000000
0.000000
0.000000
0.000000
0.000000
0.000000
0.000000
0.000000
29.000000
28.000000
0.000000
0.000000
0.000000
0.000000
0.000000
0.000000
42.000000
24.750000
0.000000
1.000000
0.000000
0.000000
18.083334
18.083334
0.000000
0.000000
13.000000
0.000000
15.000000
12.000000
0.000000
0.000000
24.000000
24.000000
0.000000
0.000000
23.000000
23.000000
23.000000
0.000000
0.000000
0.000000
5.000000
25.833334
0.000000
0.000000
3.229167
0.000000
3.875000
0.000000
0.000000
1.000000
1.000000
1.000000
1.000000
0.000000
1.000000
4.000000
4.000000
4.000000
4.000000
4.000000
0.000000
0.000000
0.000000
0.000000
0.000000
0.000000
29.000000
0.000000
0.000000
12.000000
38.187500
38.187500
0.000000
0.000000
0.000000
14.625000
0.000000
0.000000
36.000000
0.000000
0.000000
23.000000
23.000000
28.000000
0.000000
0.000000
1.000000
0.000000
27.000000
1.000000
1.000000
1.000000
1.000000
1.000000
1.000000
1.000000
31.000000
0.000000
0.000000
0.000000
11.375000
0.000000
11.375000
0.000000
0.000000
0.000000
0.000000
16.000000
29.062500
7.104167
0.000000
2.000000
