0.000000
42.000000
42.000000
0.000000
42.000000
42.000000
41.000000
0.000000
41.120689
41.241379
0.000000
41.327587
41.327587
41.327587
2.896552
2.896552
2.896552
2.896552
2.896552
0.000000
0.000000
3.000000
3.000000
3.000000
3.000000
3.000000
3.000000
0.000000
0.000000
42.034481
42.034481
42.000000
41.327587
42.000000
42.000000
42.000000
41.000000
0.000000
41.000000
42.000000
0.000000
2.586207
1.724138
0.000000
0.000000
42.241379
42.241379
42.000000
42.000000
0.000000
41.479191
41.379311
41.379311
40.775864
0.000000
0.000000
41.379311
42.137932
0.000000
42.206898
42.206898
0.000000
0.000000
42.241379
2.689655
2.637931
2.637931
0.000000
0.000000
0.000000
0.000000
0.000000
0.000000
0.000000
2.637931
2.637931
3.000000
0.000000
17.000000
17.000000
2.000000
1.827586
1.827586
2.689655
3.000000
3.000000
0.000000
3.000000
2.741379
2.689655
2.637931
2.637931
2.637931
1.758621
2.637931
2.637931
1.724138
2.224138
1.724138
2.586207
0.000000
2.592449
2.172414
2.172414
3.000000
3.000000
3.000000
2.741379
1.827586
2.637931
2.172414
3.000000
3.000000
2.741379
0.000000
2.896552
42.000000
0.000000
2.172414
2.172414
2.172414
2.896552
0.000000
0.000000
2.896552
0.000000
2.172414
0.000000
41.000000
53.000000
0.000000
0.000000
0.000000
41.275864
41.275864
42.258621
42.258621
0.000000
0.000000
0.000000
0.000000
42.000000
41.275864
42.000000
42.000000
42.000000
0.000000
42.000000
42.000000
42.000000
0.000000
42.000000
0.000000
41.241379
2.896552
2.896552
2.172414
0.000000
2.172414
2.896552
2.896552
2.896552
2.896552
2.896552
0.000000
0.000000
0.000000
2.172414
2.172414
0.000000
2.896552
2.172414
2.896552
2.896552
0.000000
0.000000
2.896552
2.172414
2.172414
2.172414
2.896552
2.172414
2.172414
2.172414
0.000000
0.000000
0.000000
2.793103
3.000000
3.000000
1.728300
0.000000
1.724138
3.000000
1.827586
2.224138
1.724138
1.724138
0.000000
0.000000
2.965517
2.965517
0.000000
0.000000
2.637931
2.172414
2.896552
2.185791
2.172414
2.896552
1.724138
1.724138
1.724138
2.586207
0.000000
42.000000
42.000000
0.000000
0.000000
41.275864
41.275864
41.275864
42.000000
42.000000
0.000000
0.000000
42.000000
42.000000
42.000000
42.000000
2.586207
0.000000
0.000000
42.343342
0.000000
0.000000
0.000000
0.000000
0.000000
0.000000
0.000000
0.000000
2.896552
0.000000
0.000000
0.000000
0.000000
0.000000
2.896552
2.172414
2.793103
0.000000
0.000000
2.793103
2.793103
0.000000
2.793103
2.793103
2.793103
42.000000
0.000000
0.000000
0.000000
0.000000
0.000000
41.275864
41.275864
41.275864
42.000000
41.275864
42.000000
0.000000
42.000000
42.000000
42.000000
42.000000
42.000000
42.000000
42.000000
41.530025
42.241379
42.241379
0.000000
41.275864
41.327587
41.479191
41.479191
0.000000
42.343342
42.343342
42.343342
41.479191
41.479191
42.206898
0.000000
42.000000
42.000000
42.000000
41.120689
41.000000
41.000000
42.000000
42.000000
0.000000
42.000000
0.000000
0.000000
41.275864
41.275864
0.000000
41.275864
0.000000
42.000000
42.000000
0.000000
42.000000
42.000000
0.000000
42.241379
41.379311
41.379311
41.379311
0.000000
0.000000
0.000000
42.241379
42.241379
42.241379
0.000000
0.000000
42.000000
0.000000
0.000000
0.000000
42.000000
0.000000
0.000000
42.000000
0.000000
42.000000
42.000000
41.275864
0.000000
41.275864
0.000000
0.000000
2.896552
2.586207
2.586207
0.000000
2.914388
2.185791
0.000000
2.896552
0.000000
0.000000
2.172414
2.172414
2.896552
1.793103
2.689655
2.637931
1.758621
2.637931
2.637931
42.000000
2.172414
0.000000
0.000000
0.000000
2.914388
0.000000
0.000000
2.896552
1.728300
1.728300
1.728300
2.586207
2.586207
2.185791
2.914388
42.137932
0.000000
42.034481
0.000000
0.000000
2.586207
42.258621
42.241379
0.000000
0.000000
2.896552
0.000000
0.000000
2.586207
0.000000
2.896552
42.000000
42.034481
0.000000
0.000000
0.000000
0.000000
42.241379
41.379311
41.517242
42.000000
42.000000
40.965519
0.000000
41.896553
41.896553
41.896553
41.896553
41.896553
0.000000
42.000000
42.000000
42.000000
42.241379
0.000000
42.241379
0.000000
42.241379
42.241379
41.379311
41.379311
42.241379
0.000000
41.379311
0.000000
41.379311
41.379311
0.000000
42.000000
42.000000
41.275864
41.275864
41.275864
42.000000
0.000000
0.000000
42.000000
42.000000
0.000000
41.275864
42.000000
42.000000
42.000000
42.000000
0.000000
42.000000
41.275864
41.275864
41.275864
42.000000
0.000000
0.000000
0.000000
0.000000
0.000000
42.000000
41.275864
41.275864
41.275864
0.000000
41.275864
41.275864
41.275864
2.172414
2.896552
0.000000
17.689655
2.965517
2.224138
0.000000
1.724138
0.000000
0.000000
2.586207
2.586207
2.586207
2.586207
2.586207
1.728300
2.592449
2.592449
2.592449
0.000000
0.000000
0.000000
2.592449
2.185791
2.914388
0.000000
0.000000
0.000000
2.896552
2.896552
2.896552
2.896552
0.000000
0.000000
0.000000
42.000000
2.172414
2.172414
0.000000
42.000000
42.000000
42.000000
42.000000
41.120689
41.241379
42.206898
0.000000
0.000000
0.000000
41.379311
0.000000
0.000000
42.241379
0.000000
0.000000
42.000000
42.000000
42.000000
42.034481
42.241379
0.000000
42.137932
0.000000
2.914388
2.185791
2.185791
0.000000
2.914388
0.000000
0.000000
0.000000
2.793103
1.862069
2.793103
0.000000
3.000000
3.000000
3.000000
3.000000
3.000000
0.000000
2.592449
0.000000
3.000000
0.000000
0.000000
0.000000
0.000000
2.689655
2.637931
2.592449
1.724138
2.689655
2.637931
2.172414
3.000000
2.000000
2.000000
3.000000
3.000000
41.379311
0.000000
53.000000
0.000000
0.000000
0.000000
41.120689
41.327587
16.758621
2.637931
2.637931
2.637931
2.637931
1.728300
2.592449
2.592449
41.000000
41.000000
41.120689
42.034481
41.327587
42.000000
41.479191
41.479191
41.479191
42.343342
42.343342
42.206898
41.479191
41.479191
42.206898
42.206898
41.479191
42.343342
42.343342
42.343342
41.120689
41.241379
0.000000
41.327587
41.327587
0.000000
2.896552
41.327587
42.343342
0.000000
0.000000
42.034481
41.120689
0.000000
42.034481
42.034481
41.120689
41.120689
0.000000
0.000000
0.000000
42.034481
41.479191
41.327587
0.000000
0.000000
42.343342
0.000000
0.000000
42.343342
42.343342
42.343342
40.775864
40.775864
0.000000
42.241379
42.258621
41.379311
41.379311
41.379311
41.379311
42.241379
42.241379
42.241379
41.517242
42.206898
41.327587
42.206898
41.327587
42.206898
42.000000
0.000000
2.741379
2.741379
3.000000
3.000000
3.000000
2.793103
2.793103
0.000000
42.000000
0.000000
0.000000
42.034481
42.034481
0.000000
41.120689
3.000000
0.000000
3.000000
2.741379
2.689655
12.000000
12.000000
1.758621
0.000000
42.206898
42.206898
42.206898
0.000000
41.327587
0.000000
42.206898
42.206898
42.241379
42.343342
0.000000
0.000000
42.343342
42.343342
0.000000
42.343342
0.000000
0.000000
0.000000
0.000000
42.241379
0.000000
0.000000
42.000000
42.034481
0.000000
0.000000
41.327587
0.000000
42.000000
42.000000
42.000000
42.000000
0.000000
42.000000
2.689655
2.689655
2.586207
2.914388
1.724138
2.586207
0.000000
2.172414
2.172414
0.000000
0.000000
2.896552
2.896552
0.000000
0.000000
0.000000
42.241379
42.000000
0.000000
0.000000
40.801426
41.530025
41.530025
0.000000
42.206898
41.327587
41.327587
0.000000
0.000000
42.241379
0.000000
0.000000
41.000000
41.000000
0.000000
0.000000
0.000000
0.000000
0.000000
2.896552
0.000000
2.000000
2.000000
0.000000
3.000000
42.000000
0.000000
0.000000
42.000000
0.000000
0.000000
0.000000
42.000000
42.000000
42.000000
42.000000
41.530025
41.530025
0.000000
42.258621
42.258621
0.000000
0.000000
42.258621
0.000000
41.275864
0.000000
42.000000
42.000000
0.000000
42.000000
41.275864
41.275864
41.275864
0.000000
0.000000
42.000000
41.275864
41.275864
41.275864
42.000000
42.000000
0.000000
41.379311
40.775864
41.379311
42.241379
42.241379
42.206898
42.137932
2.741379
2.741379
42.137932
41.120689
0.000000
42.000000
41.517242
41.517242
41.517242
41.517242
40.775864
0.000000
0.000000
0.000000
41.241379
41.241379
41.241379
0.000000
42.000000
42.000000
41.275864
41.275864
42.000000
42.000000
0.000000
0.000000
0.000000
0.000000
2.741379
2.741379
0.000000
2.637931
2.224138
2.896552
0.000000
2.637931
0.000000
2.592449
2.586207
2.586207
0.000000
2.586207
2.586207
2.586207
0.000000
1.724138
1.724138
42.241379
41.530025
42.000000
42.000000
42.000000
0.000000
42.000000
41.275864
42.000000
42.000000
41.275864
0.000000
42.000000
0.000000
3.000000
3.000000
0.000000
3.000000
2.965517
2.914388
2.914388
0.000000
2.896552
2.896552
2.172414
2.172414
2.896552
2.896552
0.000000
2.793103
2.793103
0.000000
0.000000
2.793103
41.000000
41.000000
41.120689
42.034481
41.241379
42.206898
41.327587
41.275864
41.275864
42.000000
42.000000
42.000000
0.000000
0.000000
41.275864
41.275864
0.000000
0.000000
41.275864
42.000000
0.000000
42.000000
42.000000
0.000000
0.000000
0.000000
1.724138
0.000000
2.914388
2.896552
2.896552
2.896552
2.896552
2.896552
0.000000
0.000000
2.896552
0.000000
16.758621
2.793103
17.689655
16.758621
16.758621
0.000000
0.000000
42.000000
41.000000
0.000000
42.034481
42.206898
0.000000
41.479191
42.241379
41.379311
41.379311
0.000000
40.775864
42.000000
0.000000
0.000000
2.689655
2.637931
2.689655
42.000000
41.000000
42.241379
41.530025
41.530025
42.258621
0.000000
42.000000
0.000000
0.000000
0.000000
1.862069
2.000000
0.000000
2.000000
2.000000
0.000000
1.724138
1.724138
2.586207
0.000000
3.000000
2.793103
2.896552
2.896552
2.896552
2.172414
2.172414
2.172414
2.896552
2.896552
3.000000
2.741379
41.327587
41.379311
0.000000
41.275864
41.275864
41.275864
41.275864
1.793103
1.758621
0.000000
0.000000
2.896552
2.172414
53.000000
41.000000
41.000000
0.000000
42.000000
42.000000
42.000000
41.517242
0.000000
42.241379
0.000000
41.275864
42.000000
42.000000
0.000000
42.000000
0.000000
42.000000
41.275864
42.000000
41.275864
0.000000
42.258621
42.258621
42.000000
42.000000
41.275864
41.275864
0.000000
42.000000
42.000000
42.000000
0.000000
0.000000
2.793103
0.000000
2.000000
3.000000
3.000000
2.185791
0.000000
0.000000
0.000000
2.896552
0.000000
0.000000
2.185791
2.896552
2.896552
16.758621
16.758621
16.758621
2.793103
0.000000
1.724138
0.000000
0.000000
2.896552
0.000000
2.896552
2.896552
2.896552
0.000000
0.000000
53.000000
41.000000
2.000000
1.827586
1.827586
1.827586
2.914388
2.896552
0.000000
2.185791
2.185791
2.185791
2.172414
0.000000
1.724138
41.896553
40.965519
42.000000
0.000000
0.000000
2.896552
2.896552
0.000000
0.000000
42.034481
41.530025
40.965519
41.896553
0.000000
0.000000
42.137932
42.137932
41.241379
0.000000
42.206898
42.206898
42.206898
41.379311
41.379311
0.000000
41.379311
42.000000
41.275864
41.275864
42.000000
0.000000
42.000000
0.000000
0.000000
42.206898
42.206898
42.258621
42.258621
0.000000
42.258621
2.172414
2.896552
2.896552
2.896552
2.896552
0.000000
2.896552
41.000000
41.120689
41.241379
41.517242
40.801426
0.000000
41.275864
40.965519
2.793103
2.793103
0.000000
0.000000
0.000000
2.793103
0.000000
0.000000
41.120689
0.000000
41.120689
41.000000
42.034481
42.000000
0.000000
0.000000
42.241379
0.000000
41.896553
42.000000
42.000000
41.000000
42.000000
41.000000
42.206898
42.206898
41.379311
1.758621
2.592449
0.000000
41.896553
0.000000
41.896553
0.000000
0.000000
0.000000
0.000000
42.000000
2.896552
2.896552
0.000000
2.637931
