-2.9918796290637530433 -3.0102717121537381217 93.022611540641378269
33.094477316841398817 46.624131028038569013 76.995745802569331317
33.094444720123028958 46.123889686067883531 77.995583827336417926
-2.9918796290637530433 -3.0102717121537381217 93.022611540641378269
29.610792057348653827 83.160612720643314333 46.754460078646950194
29.611550238706886518 83.161632292263874433 48.504209357668557345
29.862527674464381278 83.162937837811966801 50.003779108696136291
-2.9918796290637530433 -3.0102717121537381217 93.022611540641378269
38.430004436952621916 47.293821541732711466 64.492967540731228837
39.098472465237030349 47.129487746105198198 66.992028879029703603
-2.9918796290637530433 -3.0102717121537381217 93.022611540641378269
40.101764957799971967 47.634077325505202793 70.49068475429210423
40.102414825705217538 47.63495124486467347 71.990469847916344293
40.102848071005340103 47.635533857609814845 72.990326580770272358
57.876336004280886982 61.171821141809971323 44.479625187933834241
57.625483173666800951 61.420781928713182651 42.730100607987345995
57.124519395999072913 61.669602390726197427 41.480719739710309568
56.112247581280534803 59.652345232582845824 20.484514948625260899
56.111581417428510576 59.401350644471229145 19.484648864156657311
-2.9918796290637530433 -3.0102717121537381217 93.022611540641378269
-2.9918796290637530433 -3.0102717121537381217 93.022611540641378269
33.089883465643467275 65.875557269220891499 25.003915965353176176
33.589905042698120496 66.125667261059390967 23.003781166003346215
33.589255175201948589 66.124793344069914269 21.503996066658267239
33.588605307133697409 66.123919421008992003 20.004210973039640464
33.587706220032430338 65.622512858483304399 19.004335532091396033
34.087494876709207858 65.622210875660215379 17.004191375774450279
-2.9918796290637530433 -3.0102717121537381217 93.022611540641378269
-2.9918796290637530433 -3.0102717121537381217 93.022611540641378269
36.115124851763525271 67.159888098541756563 71.494716566302173533
35.614187890233509393 66.158250873214939247 72.994894945419204646
34.862706731792158621 65.155890722403015047 73.995360303532422108
40.103726113335262937 51.138097144360713742 67.491245501308952726
31.076106414056233973 37.595942522053867663 59.999567444145036177
30.576101135210567605 37.595953201249542985 61.499783233969878893
31.076474466518863693 36.596042457546005267 62.999100220805715367
31.0771243340150356 36.596916374535474858 64.498885320150805001
-2.9918796290637530433 -3.0102717121537381217 93.022611540641378269
31.578114936644496424 35.097638218188919268 68.497825431080073599
31.079826340899003867 34.849858679798629169 74.497387161841814418
-2.9918796290637530433 -3.0102717121537381217 93.022611540641378269
46.093521959759385709 53.124951652746482011 21.492742375386455933
45.592682786787335658 53.624038442870372023 19.993406674744811369
-2.9918796290637530433 -3.0102717121537381217 93.022611540641378269
-2.9918796290637530433 -3.0102717121537381217 93.022611540641378269
45.111090428414250653 53.648810169716277585 63.987533538052318249
44.61083593065416153 53.148288202696939209 65.987658986153064689
54.59511238538202349 29.617505524310132614 49.980458241235041328
54.596087188992967754 29.618816405711108075 52.2301358842215393
-2.9918796290637530433 -3.0102717121537381217 93.022611540641378269
44.12359240069159938 66.170595529463938078 68.988146230255466662
46.127610511661444548 67.676520346468151956 68.986479575686601606
48.130696937647641676 68.180797265268850538 68.984775505170944143
50.131237539764626376 66.180663121836147411 68.483049543394471925
-2.9918796290637530433 -3.0102717121537381217 93.022611540641378269
-2.9918796290637530433 -3.0102717121537381217 93.022611540641378269
48.861247824031757148 47.146320956163066285 66.983630351917852863
39.110172144905561709 57.149171138508989998 72.491615016046338837
-2.9918796290637530433 -3.0102717121537381217 93.022611540641378269
40.113464637885947184 57.653760717944763314 75.990270896903965081
40.114331128311270902 57.654925943997632487 77.989984356979064728
40.115089307283504638 57.65594551641081722 79.739733633859671613
-2.9918796290637530433 -3.0102717121537381217 93.022611540641378269
46.111576318231662697 47.647057981902847246 74.984871721241447062
39.216363296663331539 61.000403872242813463 20.374120205813888163
39.590227099010732559 60.123516991814966559 18.499033078835232402
41.091326048225425893 60.124941490712799919 16.498027535954189915
-2.9918796290637530433 -3.0102717121537381217 93.022611540641378269
-2.9918796290637530433 -3.0102717121537381217 93.022611540641378269
-2.9918796290637530433 -3.0102717121537381217 93.022611540641378269
-2.9918796290637530433 -3.0102717121537381217 93.022611540641378269
-2.9918796290637530433 -3.0102717121537381217 93.022611540641378269
-2.9918796290637530433 -3.0102717121537381217 93.022611540641378269
-2.9918796290637530433 -3.0102717121537381217 93.022611540641378269
40.373059519901957515 90.179492432399783297 27.498219980077806213
41.375983960357004321 91.683982077443829439 27.997343072960553911
33.111207583394588028 80.66005955550987494 42.501960587238166056
-2.9918796290637530433 -3.0102717121537381217 93.022611540641378269
29.569777984470420051 47.091238172763141279 29.505584634900106522
29.569252726131832532 47.340630575536998492 27.755844709280765414
29.818589199908032583 47.089630647982232858 26.005870730204414087
37.076821685577584731 47.600641149754380876 22.00021745506646198
37.82563817922451932 47.599022947690400542 17.000287760664996028
39.076859098614399102 47.850719107769180027 15.499435286358377084
33.757967143098788654 66.461002866389662813 25.003363530872938725
34.091026031386022055 66.627354454088276725 23.00336917789240232
-2.9918796290637530433 -3.0102717121537381217 93.022611540641378269
35.091036588503072835 66.627333095746422487 20.002937598340217562
35.590825244677368744 66.627031112966648152 18.002793442108586675
39.095800367814618426 62.632017019954787429 27.498267883087208929
39.595838242389135075 63.132247676622583299 24.998214068626520401
39.594971752423674616 63.131082456103342793 22.998500608506429188
39.594321883937979578 63.130208533006651805 21.498715509292576797
41.094738369355582108 62.630517772980091706 18.997762897428760454
41.093622660085429743 62.128819906826983299 17.497959089988409431
41.593627938931092558 62.128809227631315082 15.997743300163566715
48.597219382802933296 49.628452412921774339 29.989240178843601825
49.847091676306938268 49.128038726360074406 26.988574545123835691
49.345461727735504098 49.125864605807741725 24.739327592375222054
49.093693509542767117 48.623298155148177102 22.489846592130444236
-2.9918796290637530433 -3.0102717121537381217 93.022611540641378269
43.090359782208459194 51.620213414842652355 26.494554075198113452
55.605524943246976477 49.639372568484084525 27.983497006685574604
58.108085619272827671 48.64233218007704096 28.481234492395834934
30.078049577646325474 57.60649132183161214 24.506263111407598387
32.080995098455019843 57.610381247931869098 25.254432887640717809
34.082326471092152076 56.11150801437468516 25.502618178826150341
36.083907063064678766 55.113167425138477995 25.250893811653174481
37.586197436838872932 55.116194109169882154 25.999494278457913055
41.091000085188447599 55.122528106636842438 26.496407788800290461
60.614654838590084296 52.652657384039997623 27.479373943998567142
32.587814496333919578 64.122101506804440874 25.504209552271944972
34.591150143778342851 65.126911071053370961 25.002595828710944659
36.594702412974207562 66.132011938893953129 25.000910466046818215
-2.9918796290637530433 -3.0102717121537381217 93.022611540641378269
56.126190238059990634 74.176822426633336249 21.484914154243526241
59.122351181050021296 54.663850495777651872 45.478162006494230241
-2.9918796290637530433 -3.0102717121537381217 93.022611540641378269
58.616063843949433476 54.655413286608947487 32.480455197348888419
59.115310940516593519 54.654383036451839928 29.230490125545998126
59.61420051324508762 54.152674487806770287 26.230470533393248189
59.110620964847541359 54.147878608769026698 19.481868293445476326
-2.9918796290637530433 -3.0102717121537381217 93.022611540641378269
-2.9918796290637530433 -3.0102717121537381217 93.022611540641378269
67.127557838065186502 50.168790268523672182 42.971460728909228521
-2.9918796290637530433 -3.0102717121537381217 93.022611540641378269
68.125900605291619172 51.166921137762507499 33.97192617440096285
-2.9918796290637530433 -3.0102717121537381217 93.022611540641378269
27.58136825486740662 49.107685478324071937 58.003299070596348486
28.583361012638107468 49.610527218845632547 58.502384752771291687
-2.9918796290637530433 -3.0102717121537381217 93.022611540641378269
27.091392809684677445 50.121578929906924316 80.500543627123306578
-2.9918796290637530433 -3.0102717121537381217 93.022611540641378269
54.141474640685586905 79.699620007301106739 50.982616263500773357
54.142341129487036255 79.70078523411319793 52.982329723855244197
52.143521959931135257 78.201851765069989142 64.982277156014760067
51.14602464012958194 80.206042849062654909 69.482568655572052307
-2.9918796290637530433 -3.0102717121537381217 93.022611540641378269
-2.9918796290637530433 -3.0102717121537381217 93.022611540641378269
-2.9918796290637530433 -3.0102717121537381217 93.022611540641378269
-2.9918796290637530433 -3.0102717121537381217 93.022611540641378269
65.642091400936749324 65.694510441104569054 47.722652166641189808
67.146678386355603152 67.70141554126873018 49.471184187516705322
68.649792128206726716 68.7059444752880637 49.969857888029011406
73.154372415777231708 68.461845140847941593 47.466330467104214108
73.154789362895542126 68.212307083175829803 48.966106209482184397
-2.9918796290637530433 -3.0102717121537381217 93.022611540641378269
73.149448484667317416 62.702952313967529108 48.465972075873061442
72.648993657677920055 62.452259709235868002 49.46625014881821869
71.650548355964787106 63.204682217831397395 54.46642325303165677
-2.9918796290637530433 -3.0102717121537381217 93.022611540641378269
71.143739479940478532 55.192383598951757051 57.466124840209090507
-2.9918796290637530433 -3.0102717121537381217 93.022611540641378269
39.122176743932591592 75.172424633689985285 61.493864390920890628
67.136159609420701599 59.183912694536253696 43.471725801576688752
67.134827274538196207 58.681923518931768058 41.471993633858168948
66.633771479658065573 59.180719003606839124 39.472729571315312569
-2.9918796290637530433 -3.0102717121537381217 93.022611540641378269
66.633436025411612036 60.680860403697764127 35.473358764383704056
67.133907142149823244 61.181673673950072612 33.9731616793468163
67.633446581792483698 60.6808390454408908 32.472927186656335152
68.133668481943431061 60.681119676067851287 31.472639757840880748
67.630998540957392606 59.677151997204838096 28.973391210897489145
66.62810669291364718 58.6729036945027147 27.474430093978870815
-2.9918796290637530433 -3.0102717121537381217 93.022611540641378269
-2.9918796290637530433 -3.0102717121537381217 93.022611540641378269
-2.9918796290637530433 -3.0102717121537381217 93.022611540641378269
67.1264421253495982 49.667092398390181529 41.471656926560960699
67.124855829284058473 51.915847968323298289 32.972958888135941891
-2.9918796290637530433 -3.0102717121537381217 93.022611540641378269
67.624227537988858217 52.16508404014964384 29.473038989567580614
66.622299976200253013 52.66272497591904056 26.974277257382244244
66.62165010931326492 52.661851056400060145 25.474492157919033986
55.136763647931203991 83.694829309805541584 28.485128075272083237
55.13661222152707353 84.695020677533818798 25.98552365877707615
-2.9918796290637530433 -3.0102717121537381217 93.022611540641378269
61.125735721766353947 56.419022065023412438 43.476791240941885519
61.124766690818105985 58.168410214226305754 37.477716326479217912
62.125243093050769971 58.669212810888012655 34.477303449392266543
62.125059065175051387 59.169162843247811168 32.977537058508048062
62.624381882648819442 58.668036911111215659 30.97737419932546743
62.622832925325774056 58.165756425710227973 28.477713665124205988
62.619886444262235159 56.161004086561227666 25.977997011997999266
62.619453200070225307 56.160421473173059326 24.97814028461838376
-2.9918796290637530433 -3.0102717121537381217 93.022611540641378269
27.560570421240235817 39.075767215835448098 31.506721578076632539
-2.9918796290637530433 -3.0102717121537381217 93.022611540641378269
27.058864759385233612 39.573688777296517571 28.007672417083323779
27.557954654327613042 38.82215087068396997 26.007500201299237119
28.058192854268991567 39.072552166088001968 24.507293768319641458
42.60436234498407515 67.14518396629003405 26.995493016862074143
-2.9918796290637530433 -3.0102717121537381217 93.022611540641378269
48.093780743535205602 50.124043525077034644 22.490764097134810839
35.066875960617792884 31.581017475906641323 39.498834434392456672
35.56619877518220818 31.07989153780678393 37.498671573967207848
49.589005719563218122 33.110853782322678285 43.485827363989628225
49.337345808627830479 32.608432984994976778 41.486310543681710783
49.336013480923774921 32.10644380877174342 39.486578374744503606
-2.9918796290637530433 -3.0102717121537381217 93.022611540641378269
-2.9918796290637530433 -3.0102717121537381217 93.022611540641378269
50.832574905540184318 35.603148936401915137 19.488282616212831755
50.080942317823328835 35.600980153565750186 17.989143558318520633
-2.9918796290637530433 -3.0102717121537381217 93.022611540641378269
-2.9918796290637530433 -3.0102717121537381217 93.022611540641378269
42.108116395350116079 71.652027586889204258 27.496020430008762503
58.635813217578117928 75.190069202327663334 33.981007239559097854
60.138894364530457892 75.694356794162089841 35.47951895999668892
52.627052374405607793 74.678303737235893323 32.98630012373125453
55.381803981683972893 75.684990774921828915 33.483897086839675694
57.13571114537683826 77.190775279431747435 33.982374143388774712
45.609474127040797953 68.652543961325889654 26.493036609115140578
46.360397431860874917 69.404055172817237462 24.742669349905916931
47.111104107187863121 70.155275087433238923 22.49237371981868705
49.113140023374931786 71.158336811260539889 18.991189802562768563
-2.9918796290637530433 -3.0102717121537381217 93.022611540641378269
31.114479955386695309 84.666111258381206994 47.503116664571081174
54.634923481080647889 62.183879830722851523 71.978522212429979277
-2.9918796290637530433 -3.0102717121537381217 93.022611540641378269
-2.9918796290637530433 -3.0102717121537381217 93.022611540641378269
65.140580284258945198 64.191903611901480531 48.972847654787187821
66.645058962464162278 66.198663056893764178 50.471415497407221551
68.149071794588351736 67.704598553093660485 51.969964632663199211
69.652185536022045653 68.709127487077239493 52.468638327580272573
69.653767087638243538 69.711649308465453601 53.96846083738942923
-2.9918796290637530433 -3.0102717121537381217 93.022611540641378269
-2.9918796290637530433 -3.0102717121537381217 93.022611540641378269
64.872392497805321909 39.407677767770714183 60.970417828965338458
33.601730989813987094 58.138410319073244636 67.49710640307949916
33.60284669957471948 58.64010818944707637 68.996910204796193966
34.606875297288638649 57.144897642432404439 78.494631644688510619
46.08613368419700862 46.112251112159526656 19.492767030201225253
-2.9918796290637530433 -3.0102717121537381217 93.022611540641378269
-2.9918796290637530433 -3.0102717121537381217 93.022611540641378269
43.119291480159290586 60.162477307089687883 74.987923533383025188
-2.9918796290637530433 -3.0102717121537381217 93.022611540641378269
42.62036931399131845 60.163944522770215428 78.9877811498013358
-2.9918796290637530433 -3.0102717121537381217 93.022611540641378269
-2.9918796290637530433 -3.0102717121537381217 93.022611540641378269
-2.9918796290637530433 -3.0102717121537381217 93.022611540641378269
-2.9918796290637530433 -3.0102717121537381217 93.022611540641378269
-2.9918796290637530433 -3.0102717121537381217 93.022611540641378269
-2.9918796290637530433 -3.0102717121537381217 93.022611540641378269
67.120691108364383126 51.159951138176005259 24.974076982264101332
-2.9918796290637530433 -3.0102717121537381217 93.022611540641378269
-2.9918796290637530433 -3.0102717121537381217 93.022611540641378269
-2.9918796290637530433 -3.0102717121537381217 93.022611540641378269
-2.9918796290637530433 -3.0102717121537381217 93.022611540641378269
-2.9918796290637530433 -3.0102717121537381217 93.022611540641378269
68.629947028024076872 56.674517391270264 29.972274319936474285
68.127742925940637519 56.171373661818392975 27.47304448157581902
25.562175007421778616 44.079971149129839603 30.508774682612589402
-2.9918796290637530433 -3.0102717121537381217 93.022611540641378269
-2.9918796290637530433 -3.0102717121537381217 93.022611540641378269
26.560268557781359533 44.5775693695620987 22.009149786018269879
27.059591374837694389 44.076443437389741575 20.008986921240460077
-2.9918796290637530433 -3.0102717121537381217 93.022611540641378269
26.556488182481210458 43.071893145757314869 16.509881648136126131
26.054251486376291069 42.068508086487327091 15.010489834158221356
26.554256764086670017 42.068497407317771319 13.510274038860021761
33.602727865527562301 60.140540898283461502 65.497467764267184975
-2.9918796290637530433 -3.0102717121537381217 93.022611540641378269
-2.9918796290637530433 -3.0102717121537381217 93.022611540641378269
-2.9918796290637530433 -3.0102717121537381217 93.022611540641378269
-2.9918796290637530433 -3.0102717121537381217 93.022611540641378269
-2.9918796290637530433 -3.0102717121537381217 93.022611540641378269
65.809102640256440964 64.86130537940243812 49.80551228323702162
65.143526765050808081 66.196655944881385381 51.472564307922752391
66.63251383665797789 53.176657717206353482 49.47107240949334539
68.137003032191827856 53.682838804511192166 54.219118510367529495
68.638632980345818169 53.685012925027763231 56.468365457520903306
68.639483172100739239 53.436057481396488811 58.967997932872791012
-2.9918796290637530433 -3.0102717121537381217 93.022611540641378269
68.640084140025010129 52.686569394450970094 61.967540067349908384
68.141693015012151591 54.189343230958350262 63.967740341250298286
68.642781404273321755 54.190789085965512584 64.967166378388284897
55.896150502578635155 79.705845718942029521 56.480320854818074849
56.647566468126598238 79.707723198150773669 57.479531546220286486
56.648216334487486279 79.708597115166355707 58.979316640092008583
55.147442318661958893 79.707609574794190621 61.73021473270652848
51.62869804707872845 70.178774806085783666 49.484629219155948476
48.638989574649784231 75.694893694456581557 70.484410496608077779
48.640354503825435017 76.697124206048272299 71.484304639934492798
-2.9918796290637530433 -3.0102717121537381217 93.022611540641378269
58.127432278972619883 59.672693976847597241 49.478637377520172436
42.37824966793500181 76.430969502839232632 62.990896741280181459
42.631258204190814354 77.685500147496924228 66.490226722800770176
43.132779840352348799 77.687528611943307055 68.489509486836510632
-2.9918796290637530433 -3.0102717121537381217 93.022611540641378269
43.634734723248136845 77.690139695894714578 71.488648989189243821
44.117201003632672496 61.160025565988966889 64.988532245773257046
43.367101072575955811 61.410016597802894012 66.488972737687902281
42.867794556182538201 62.161263200726153855 67.989216586858020719
42.618116850944026908 62.161705501805627705 69.489217025721217169
42.11811157251580795 62.161716181037064644 70.989432821141278396
-2.9918796290637530433 -3.0102717121537381217 93.022611540641378269
31.609673330955569526 70.654099600626636857 64.999654996573298149
32.8620262563261889 71.657614299116858092 64.498687309111573995
35.115256231478404914 72.662272865816078138 62.997001507462400127
36.950486316392257891 72.664758368664266186 61.828922777805729538
28.100282203985504026 63.388731375178778649 69.501753908341697752
28.101273304398471709 63.640162921470924573 71.251512536339205894
28.602470008306124072 63.64175442736551247 72.500902756114840031
28.603336497525017279 63.642919654213365277 74.500616222064536487
-2.9918796290637530433 -3.0102717121537381217 93.022611540641378269
30.607506040942141112 64.148653102896687983 76.99855397729862716
-2.9918796290637530433 -3.0102717121537381217 93.022611540641378269
-2.9918796290637530433 -3.0102717121537381217 93.022611540641378269
62.618703486392291779 44.654870697394990486 47.974414858622886015
62.618670891990468874 44.154629358940134409 48.974252883018742466
-2.9918796290637530433 -3.0102717121537381217 93.022611540641378269
55.643829179552099617 75.701152944585487603 60.479813477434149149
-2.9918796290637530433 -3.0102717121537381217 93.022611540641378269
62.893038195562283477 70.697856467413430437 47.475243857497368083
64.649295609343212732 71.706604006611655677 54.472770958614461279
-2.9918796290637530433 -3.0102717121537381217 93.022611540641378269
62.148971103570850971 70.455762743934840842 63.97351661125240696
61.147579320376735268 69.203432913345608313 66.473973056744426913
-2.9918796290637530433 -3.0102717121537381217 93.022611540641378269
49.127134251983505919 73.177945775744717594 46.987253094895606864
49.12846658678250833 73.679934951342033855 48.986985261495085808
48.634710766299633633 73.188152179120123719 65.984961680139889495
48.636043101182124815 73.690141354724602252 67.98469384785842351
-2.9918796290637530433 -3.0102717121537381217 93.022611540641378269
-2.9918796290637530433 -3.0102717121537381217 93.022611540641378269
-2.9918796290637530433 -3.0102717121537381217 93.022611540641378269
48.137987422826086004 73.692773791109999593 73.984264924762427995
45.129279294062783379 70.179787539847694688 70.487219585389567555
45.629869247511237518 69.180168106038308906 72.486464944425236467
-2.9918796290637530433 -3.0102717121537381217 93.022611540641378269
-2.9918796290637530433 -3.0102717121537381217 93.022611540641378269
65.14192313658867306 63.193314423068272845 54.222058086365393592
-2.9918796290637530433 -3.0102717121537381217 93.022611540641378269
-2.9918796290637530433 -3.0102717121537381217 93.022611540641378269
-2.9918796290637530433 -3.0102717121537381217 93.022611540641378269
64.644658241563732304 63.697207772631443845 60.971540419748222916
-2.9918796290637530433 -3.0102717121537381217 93.022611540641378269
-2.9918796290637530433 -3.0102717121537381217 93.022611540641378269
62.64370544394288487 62.695602578660675874 66.972366168227267735
-2.9918796290637530433 -3.0102717121537381217 93.022611540641378269
64.64154878131260773 59.191248741826939295 63.47101388981998582
64.641982025922047228 59.191831355250862146 64.470870622794834048
63.126097040136826877 51.667560560081966514 48.474174414103273989
-2.9918796290637530433 -3.0102717121537381217 93.022611540641378269
63.131962144620686672 51.925546504200532638 61.472321270676999916
-2.9918796290637530433 -3.0102717121537381217 93.022611540641378269
-2.9918796290637530433 -3.0102717121537381217 93.022611540641378269
62.857398629185148309 45.640054446222436013 18.978391722180223411
45.617859275973025035 77.667375076990310845 26.493373315860221595
46.61808645466923906 77.667645028519231687 23.992870102937025933
-2.9918796290637530433 -3.0102717121537381217 93.022611540641378269
52.642066582151755938 85.702839402957295079 43.985135696548212536
52.641665932194804611 86.202498131697183226 41.98544094034689067
-2.9918796290637530433 -3.0102717121537381217 93.022611540641378269
61.644975635882801157 75.702481343293669624 44.976865824360231727
-2.9918796290637530433 -3.0102717121537381217 93.022611540641378269
-2.9918796290637530433 -3.0102717121537381217 93.022611540641378269
61.142836722473681732 76.19982029196957285 40.477959934744092152
61.142219457350627465 76.699187710302425103 37.978336812128247857
61.641574868867095915 76.69830311413160473 34.978335925196418543
38.599738444174533925 66.638910614548876765 29.498561687474357029
39.099776318749050574 67.139141271216672635 26.998507873013675606
40.100003499181340771 67.139411222524202572 24.498004654129641011
40.099137008226364287 67.138245995897733565 22.498291194140783489
41.100046652873203357 67.639631206165418575 20.497735049834759025
41.100079249319890096 68.139872541967008601 19.497897025077044475
66.140623442341365035 64.692123595178600226 44.972578050880144929
65.135013287685495698 65.184812316295762002 33.975034100920183278
-2.9918796290637530433 -3.0102717121537381217 93.022611540641378269
-2.9918796290637530433 -3.0102717121537381217 93.022611540641378269
-2.9918796290637530433 -3.0102717121537381217 93.022611540641378269
51.868940090555703648 61.662286194478994616 44.484812215423040982
-2.9918796290637530433 -3.0102717121537381217 93.022611540641378269
-2.9918796290637530433 -3.0102717121537381217 93.022611540641378269
54.610997202344165657 60.651112107891748337 19.985916075611271481
43.851125175810189205 62.138811249823987737 26.494300859295822903
43.599931110830610237 62.137214401277958586 24.49480274467338603
43.849825435220857628 62.137063410206721414 23.494730667185187656
46.100141529199682111 61.637210979382501819 18.493490181438165365
46.098809194317190929 61.135221803778023286 16.493758013719645561
51.843169434602174306 45.121113100533690954 20.48763337161841136
51.592424911278563116 45.37021953585494316 18.988072974973412954
38.61791369811616903 69.664537074092123703 64.993587873934430377
-2.9918796290637530433 -3.0102717121537381217 93.022611540641378269
38.118059849192064803 68.664356385256340332 68.993408079657115195
-2.9918796290637530433 -3.0102717121537381217 93.022611540641378269
-2.9918796290637530433 -3.0102717121537381217 93.022611540641378269
49.115718447997899432 74.162989208924273044 18.491373668334670555
51.147971762298610088 85.710833810710667535 62.150491724760279055
48.141422847941704788 83.201146198401929155 61.486411201490206224
-2.9918796290637530433 -3.0102717121537381217 93.022611540641378269
-2.9918796290637530433 -3.0102717121537381217 93.022611540641378269
54.612827977872541396 62.154166574444928983 20.985828926292374064
-2.9918796290637530433 -3.0102717121537381217 93.022611540641378269
-2.9918796290637530433 -3.0102717121537381217 93.022611540641378269
44.875445732385820463 86.180961306848303138 27.99412245504343133
-2.9918796290637530433 -3.0102717121537381217 93.022611540641378269
66.113492601305608787 43.897442590238753723 26.974380592377229959
34.855220670870764366 56.64246616663712075 74.994899031900359887
35.846846080320538874 47.627613691902567439 71.994130745384680381
-2.9918796290637530433 -3.0102717121537381217 93.022611540641378269
-2.9918796290637530433 -3.0102717121537381217 93.022611540641378269
-2.9918796290637530433 -3.0102717121537381217 93.022611540641378269
-2.9918796290637530433 -3.0102717121537381217 93.022611540641378269
48.595051096838169258 39.621586504964831477 46.48650212320187336
49.345984926054669018 38.872519357525916917 47.985613119910013324
49.596496522763111159 38.373000947504507963 49.485164164042792834
27.60598317134055435 81.153426989814661852 46.006215480711901478
27.606633038181840334 81.154300913017223706 47.506000577371878535
27.107061004538230975 81.154894205564218623 50.006073098371125241
-2.9918796290637530433 -3.0102717121537381217 93.022611540641378269
27.110277750501481364 80.659022460291083689 58.504836604322356663
26.611420772201984875 81.66097234800790261 60.505018172078315786
26.567913482288005866 35.584294929171512933 59.003512127353161532
26.568097510163731556 35.08434489681171442 60.503278518237372907
27.06936992740929071 34.585840721926722097 63.002470946255833439
-2.9918796290637530433 -3.0102717121537381217 93.022611540641378269
33.581786039833183111 34.602306375959301477 71.995582508946824873
33.081314919630983695 34.101493106027092495 73.495779596271631817
33.081964787427551755 34.102367022918919304 74.995564689899609334
46.775632672356735497 48.477186529169486562 65.152404118816107825
-2.9918796290637530433 -3.0102717121537381217 93.022611540641378269
47.11125142039762892 49.147178028041679454 67.985069334449718781
-2.9918796290637530433 -3.0102717121537381217 93.022611540641378269
47.112659468482178227 49.149071519782026485 71.234603710415754563
47.113883488663844901 49.65091504326527172 72.984371695498495569
48.126455467880887795 62.923019697596089372 70.484364189005276558
48.126623198682914051 62.172948994176010729 72.484049594887849821
48.127256768241778673 61.923702246300415197 74.483753703748561747
-2.9918796290637530433 -3.0102717121537381217 93.022611540641378269
49.116147572343209049 54.15566613377128391 62.484321600660493345
-2.9918796290637530433 -3.0102717121537381217 93.022611540641378269
48.369313282673630283 54.660147432006922941 70.983768561876203762
47.619197050672397609 54.66001779611873701 72.984128063798635822
-2.9918796290637530433 -3.0102717121537381217 93.022611540641378269
59.877959717242966065 59.173143528806043889 46.477541051325353294
59.627816169379208588 58.672761880895706099 47.977522790170333167
59.133540866740759157 60.181070541121634676 59.476362010551710569
59.13602150863001583 61.684998924690404465 61.976059955104531696
59.637326520168734589 61.686736085792617246 63.475414358730873232
59.137537864209789973 61.687038068553832204 65.475558514925950249
-2.9918796290637530433 -3.0102717121537381217 93.022611540641378269
-2.9918796290637530433 -3.0102717121537381217 93.022611540641378269
56.13574061567923934 61.184530348159121615 71.477264352459769725
68.636597135822313476 55.683065213649797442 47.469729706250895163
-2.9918796290637530433 -3.0102717121537381217 93.022611540641378269
69.13923448240652192 56.186791554057954556 50.968816277590150321
68.642652048035628809 57.19180015662392691 58.218245680452589852
68.143437545788785314 57.693071743385161199 60.468372727862430338
68.143621573247060041 57.19312171098960107 61.968139113151423203
66.642538917934288634 57.441817883497179764 63.46922564723868021
-2.9918796290637530433 -3.0102717121537381217 93.022611540641378269
65.642761280921234857 57.692251216452461904 66.46966657813837287
64.62436834435128219 48.163800014607886624 47.472894663970912177
64.624801588516106676 48.164382627379140445 48.4727513913514656
64.625202231545287646 47.664723902966962044 50.472446149940850546
65.632177315211819746 48.174265691583620708 62.469884242110978789
-2.9918796290637530433 -3.0102717121537381217 93.022611540641378269
-2.9918796290637530433 -3.0102717121537381217 93.022611540641378269
-2.9918796290637530433 -3.0102717121537381217 93.022611540641378269
-2.9918796290637530433 -3.0102717121537381217 93.022611540641378269
-2.9918796290637530433 -3.0102717121537381217 93.022611540641378269
56.860486834497038444 44.143828160750963718 47.47942076477006168
56.610809132547352363 44.144270461618702939 48.979421208741001692
57.11777893071743506 44.653822925669537369 62.477075091839331833
57.118179580616285307 44.1541642030704935 64.476769843611066335
-2.9918796290637530433 -3.0102717121537381217 93.022611540641378269
56.118851485432124093 44.65530081437664478 67.977148498091850115
55.368085386934168923 44.654297258388325531 68.477722906147221238
55.118407684567031879 44.654739559220310241 69.977723344522928528
70.395439782702936782 66.449140601905114067 39.469770606340745189
71.648740693161244053 68.704423875571080771 38.468921317819919636
-2.9918796290637530433 -3.0102717121537381217 93.022611540641378269
26.078170332430431699 60.107783434810116319 31.508799311324537484
49.767930441825683374 46.132467157459892348 43.31952736630670131
51.344204148698786128 46.122917333659792405 22.237850755522721613
-2.9918796290637530433 -3.0102717121537381217 93.022611540641378269
45.595866931583785231 52.627925363484038712 29.492008209662099461
-2.9918796290637530433 -3.0102717121537381217 93.022611540641378269
-2.9918796290637530433 -3.0102717121537381217 93.022611540641378269
45.592119157850319766 51.622490477206909532 22.992902046165887953
45.591935129961015605 52.122440509258254338 21.49313565528213843
45.091095957406409411 52.62152729941789886 19.99379996023573014
44.590256784434352255 53.120614089541788871 18.494464259594082023
44.839717864605432851 53.11988048446548305 16.494535454727202506
42.836131970360476373 46.612561855730419325 28.244331638888713343
43.085517336966390189 47.111923935716305323 24.994600620177227057
42.583995703567559588 47.109895468554796594 22.995317855657752659
42.583096612795564795 46.608488904487749949 21.995442415321655005
-2.9918796290637530433 -3.0102717121537381217 93.022611540641378269
-2.9918796290637530433 -3.0102717121537381217 93.022611540641378269
-2.9918796290637530433 -3.0102717121537381217 93.022611540641378269
43.580875751101281423 45.605071808433272906 15.995403232233908142
53.126699092866154217 69.175638339437981017 42.48430260844094164
52.11529377445602762 67.159546407516117483 23.487811280895126487
-2.9918796290637530433 -3.0102717121537381217 93.022611540641378269
-2.9918796290637530433 -3.0102717121537381217 93.022611540641378269
-2.9918796290637530433 -3.0102717121537381217 93.022611540641378269
54.113852167462070497 64.656549165877237328 19.486568053161214209
55.115528456374988764 53.654422742218955023 43.981785046234982417
57.108119210148146294 52.643992934949444873 22.983033507714822008
57.106754280809482793 51.641762419656295435 21.983139364394030935
-2.9918796290637530433 -3.0102717121537381217 93.022611540641378269
-2.9918796290637530433 -3.0102717121537381217 93.022611540641378269
-2.9918796290637530433 -3.0102717121537381217 93.022611540641378269
68.132746293509171664 53.176916990218380477 45.470353406866244939
68.62853795176715721 51.670647475703027851 37.471012745743955463
68.62826768635987662 54.171271553321282965 31.471965890131606614
-2.9918796290637530433 -3.0102717121537381217 93.022611540641378269
28.106268204138615374 72.150237455859496549 64.502797605523340962
29.107827717717313476 72.652496582992881713 64.002026560318654447
30.609359914713230921 72.654503694969520211 63.00087774420789799
32.61269555901460393 73.659313253296843982 62.499264021143730474
35.615976570839535498 73.663618787515474651 60.996894761853255318
38.62062251049167827 74.670154827249533014 60.494419646081361464
39.616060889474681517 67.661219919123908539 61.993081473106343537
-2.9918796290637530433 -3.0102717121537381217 93.022611540641378269
-2.9918796290637530433 -3.0102717121537381217 93.022611540641378269
-2.9918796290637530433 -3.0102717121537381217 93.022611540641378269
45.620764292909697701 62.415257783997510899 65.987143663287127993
-2.9918796290637530433 -3.0102717121537381217 93.022611540641378269
-2.9918796290637530433 -3.0102717121537381217 93.022611540641378269
46.124186638611433864 61.669545998621877914 73.985538759387722507
-2.9918796290637530433 -3.0102717121537381217 93.022611540641378269
-2.9918796290637530433 -3.0102717121537381217 93.022611540641378269
31.601239287513426035 60.888906471993124114 66.499075329715509497
33.101606877557507858 59.638853705192687471 65.497879752256267238
34.602174792523840097 58.138971576475825032 65.496531550683826595
36.603381556284986686 56.389832020106538835 65.994671673743425799
44.609503598615880549 52.646299026228049911 63.987926817948007852
-2.9918796290637530433 -3.0102717121537381217 93.022611540641378269
39.107810340697298557 54.144810045171375634 73.491359511401924465
-2.9918796290637530433 -3.0102717121537381217 93.022611540641378269
52.599025130831471131 40.126985933505572746 42.483648356265327095
52.59837526423681453 40.126112016469960508 40.983863259260274958
53.098380542364637336 40.126101337336166353 39.483647469557304532
-2.9918796290637530433 -3.0102717121537381217 93.022611540641378269
52.087788076610458177 40.61209001346056624 16.987751110515382891
-2.9918796290637530433 -3.0102717121537381217 93.022611540641378269
-2.9918796290637530433 -3.0102717121537381217 93.022611540641378269
52.586558810457063373 41.61081417840336627 10.488289078680153921
23.566921647512817373 54.090375444244919834 26.011516287096931421
23.062767945389580859 53.584609960898688996 19.012931155934861494
23.559859344210721588 52.080088284461908188 14.013160687485061828
-2.9918796290637530433 -3.0102717121537381217 93.022611540641378269
29.56303958018361655 40.079411553174651317 29.005394388444067033
30.557704511621501808 37.821312820341219663 18.505953145495404044
30.556388477547692162 37.569444309354295797 16.006301967773783446
29.554428316795764431 37.566843910705784992 14.507378255114662835
29.802990312492440239 37.064703737304100173 11.507574008820490974
-2.9918796290637530433 -3.0102717121537381217 93.022611540641378269
44.275633532562935102 41.496377837357897533 10.595420525992757632
-2.9918796290637530433 -3.0102717121537381217 93.022611540641378269
31.574816075448076447 57.602089691570341756 12.506690262371122913
-2.9918796290637530433 -3.0102717121537381217 93.022611540641378269
-2.9918796290637530433 -3.0102717121537381217 93.022611540641378269
-2.9918796290637530433 -3.0102717121537381217 93.022611540641378269
-2.9918796290637530433 -3.0102717121537381217 93.022611540641378269
39.337309547362359297 53.617034907912604069 26.497859098130209787
41.590008487684201555 53.120386850143553659 26.995830637906816918
44.093035000841034332 52.624170413086368114 27.493586826845508142
45.594642911402125662 52.126081840000800582 27.742240224579351349
38.600951942638992875 68.64133249424008909 27.998851415036966728
40.6045042121065336 69.646433368249773821 27.997166052363482436
54.128833780956803423 75.180843495614993799 31.485241650929808088
29.103420580913546445 78.148742560879284724 42.005384239666973656
29.102554091986867491 78.147577334056478549 40.005670777633937973
29.599244833299700019 77.142714380493274007 33.006205553036338074
30.596872546163641715 77.139488657657381054 24.506561953323284797
31.346739556270410532 76.63908564511041277 23.006112110167986629
46.927312466121847478 38.953274217247923161 50.48733974979115402
-2.9918796290637530433 -3.0102717121537381217 93.022611540641378269
29.585944221557713973 50.8644592332294323 58.751534316759759236
-2.9918796290637530433 -3.0102717121537381217 93.022611540641378269
-2.9918796290637530433 -3.0102717121537381217 93.022611540641378269
-2.9918796290637530433 -3.0102717121537381217 93.022611540641378269
36.578004742508788638 32.596324747255174259 58.494857656681212177
41.83946545222578095 33.11174755663834901 67.98899302594166727
27.07299143695706789 53.598215941765140258 30.507838014801212267
41.100284319694836199 64.638765792317869341 27.496619931130886982
41.099526141124144374 64.637746214296811331 25.746870654149020652
41.098318418124854645 64.386023364341482988 23.497183654064180303
41.598307399178978017 64.135892014147401596 22.496886879359561107
42.599682884881950429 65.138101173640606589 20.496349443270670321
43.100154007509367204 65.638914449556281738 18.99615235557090287
44.101047350057598351 65.890178989196812154 17.495515227116310797
32.107815242279002632 68.650793112571605548 63.499364385698456203
34.110110894955191441 68.653809123594996322 62.747749062705551637
36.113554852930775496 69.658764336537331019 62.496099516800057927
38.115958816196638281 69.661925996320817944 61.99444837711882883
40.117680315247966405 69.163972397144149795 60.992850162859582497
62.143842103075513705 68.197976672810796117 56.974435313836188755
42.621920327504035697 70.670177844749218821 59.990896084948623468
42.623360971453280399 71.17231267543758122 62.240592436274127408
42.624335772910697528 71.17362355702417176 64.490270079626228039
42.626686025569732408 70.676586591562625017 70.989320129423845174
42.62708667376121241 70.176927862918219603 72.989014881448667893
42.126149712231196531 69.175290637591402287 74.489193260565713217
42.618128402291802104 65.663103561313164391 61.990422486271981484
43.119650039860303536 65.665132031902516019 63.989705255771724524
42.369317187707878247 65.66471108911673582 65.490136390841115599
42.120072727224581399 65.665735997486805786 67.989993568283750847
43.122249510717473697 65.668627705834197172 69.988845641708508083
43.122883080276338319 65.419380957958608747 71.988549750569220009
43.123532948490350236 65.420254874886197172 73.488334849792437353
43.123949895880336669 65.170716823383173733 74.988110592161035584
38.098277881328741046 47.629459133617103817 68.492694067495193622
39.100920506488932915 48.133174793614330156 70.491564849048018004
-2.9918796290637530433 -3.0102717121537381217 93.022611540641378269
39.603341230516186044 48.636609824855263184 73.490723053927965225
40.354973818178699219 48.638778606457613307 74.98986211182415218
-2.9918796290637530433 -3.0102717121537381217 93.022611540641378269
18.07468715690946226 71.107728897287600489 24.017176454167483257
41.870145802798418799 65.16564565306583745 69.989903671138989694
42.621231058502530686 63.416387137905807947 73.988619085461181157
-2.9918796290637530433 -3.0102717121537381217 93.022611540641378269
-2.9918796290637530433 -3.0102717121537381217 93.022611540641378269
37.403507475946724981 26.4166622561598885 51.161626431702558193
37.076535751665446128 26.591961477155443561 66.493056337149184287
-2.9918796290637530433 -3.0102717121537381217 93.022611540641378269
37.578707256801898495 26.594863864728075953 69.992124205981838259
37.329712015562584781 27.096421424786271359 71.992071719459588053
36.597991781692165603 50.130115244900785854 66.994294580376902104
35.597331356260148993 50.129262680750478864 68.494941060689910728
-2.9918796290637530433 -3.0102717121537381217 93.022611540641378269
-2.9918796290637530433 -3.0102717121537381217 93.022611540641378269
-2.9918796290637530433 -3.0102717121537381217 93.022611540641378269
37.105118786120115715 51.390175372438712031 79.242155606713993166
42.849892252420382022 43.379782425952939207 66.988658380813362214
42.099293882871322126 42.628708166632542031 69.488918189399811354
-2.9918796290637530433 -3.0102717121537381217 93.022611540641378269
-2.9918796290637530433 -3.0102717121537381217 93.022611540641378269
42.605432675764348005 44.512686260753902445 78.112321948439756625
42.105782039084914459 44.138025725560112278 81.237290896694474895
-2.9918796290637530433 -3.0102717121537381217 93.022611540641378269
42.574297206720814302 24.587965608478224766 48.990751093517914683
44.084927550513491212 24.602207588701510588 68.986593635811246372
44.086259882524608145 25.104196764553496024 70.986325804017241126
49.848628045466575998 41.126944730395820216 47.735302420889333064
50.099713802668645712 41.128395917575858221 49.484836353348981675
-2.9918796290637530433 -3.0102717121537381217 93.022611540641378269
46.607507857584934641 41.639199035994586495 76.983930021248824005
50.112690109081405865 44.147031029756902853 72.98158176892262361
45.615223088269196694 57.1557323755955764 64.487162154036809625
45.116550142125319667 57.657732229964445025 67.987110111946705615
45.117665851168204938 58.159430100400157926 69.486913913785272712
45.118315719073450509 58.160304019759621497 70.986699007409512774
46.109475284904483772 48.644627593615169303 67.985912018763144715
46.610996925508914046 48.646656060774844832 69.985194782063004482
46.612112631380028915 49.148353931555689655 71.484998590106130223
51.363028241515181094 44.147441293223252501 69.980934843784666555
41.617652003690096763 65.162300964345661214 64.990835363309116701
41.618518493927233237 65.163466191033990071 66.990548823419842961
41.869246716832435595 64.664239090514030295 68.990028235664112799
42.370768352993970041 64.666267554960398911 70.989310999699853255
42.119693122996729073 63.164238002451384091 72.489255325477074621
31.070830726839535174 33.08707043080346466 57.499757261376728934
-2.9918796290637530433 -3.0102717121537381217 93.022611540641378269
35.830037813496204535 55.608170585951285148 16.002453102932697959
36.580370665231185967 55.608591528701296625 14.502021962268074162
28.562618881214724809 47.081646415244520654 16.008380156101374325
29.062624160114726379 47.081635737282667264 14.508164366274662882
28.560853303849153662 46.579074625413575461 13.008791255043334445
21.561971852422932017 51.582802722841954335 26.013145531201722349
21.5615712093937546 52.082461447254132736 24.013450772612337403
-2.9918796290637530433 -3.0102717121537381217 93.022611540641378269
31.608145422738097352 67.150662391246100924 68.99895098204943622
-2.9918796290637530433 -3.0102717121537381217 93.022611540641378269
-2.9918796290637530433 -3.0102717121537381217 93.022611540641378269
36.103977250306982683 55.640354610072833452 70.494429597195107817
37.105438973556090332 54.641889723694241354 72.993172626394809299
-2.9918796290637530433 -3.0102717121537381217 93.022611540641378269
37.60671139141081909 54.143385546279731102 75.492365054295134996
30.585753690180176534 64.953063819795147538 25.006035141259989274
-2.9918796290637530433 -3.0102717121537381217 93.022611540641378269
34.591117547059972992 64.626669729082692584 26.002433853478020609
37.095541585338644097 65.632925144415935392 26.500246161099788367
38.597691051647956328 65.135564837801823046 27.998720475052660817
31.080767918350296952 57.610111297143610898 27.754936100806713029
33.082348509820334925 56.611770707950711312 27.503211733719044929
41.090793984383587656 53.621658438781629741 29.245957679840486776
-2.9918796290637530433 -3.0102717121537381217 93.022611540641378269
41.123150586149861851 73.172873103998128386 61.991995157218674706
40.623221022523956947 72.672788096059491636 64.7420131549300919
40.124526001656334984 71.173968250368048416 72.491277395069076306
40.125159571358764765 70.924721502480068125 74.490981503905416616
40.611997706619838766 61.65335029589682847 62.491923977812703583
-2.9918796290637530433 -3.0102717121537381217 93.022611540641378269
40.613979906127127606 62.15621338873827284 65.991441245363787971
41.116703490094465678 60.659265679573181274 73.989808281997241579
44.610651904214122965 53.648238234932989599 64.487892595025115838
44.110397406871484804 53.147716267949412838 66.488018048721087894
-2.9918796290637530433 -3.0102717121537381217 93.022611540641378269
-2.9918796290637530433 -3.0102717121537381217 93.022611540641378269
44.114892840316223044 55.654749087899617166 71.48739523119202488
43.614421720696029183 55.153935814820982841 72.987592318399634905
-2.9918796290637530433 -3.0102717121537381217 93.022611540641378269
43.115033713145905381 54.654579073873080119 76.987431226612045521
-2.9918796290637530433 -3.0102717121537381217 93.022611540641378269
-2.9918796290637530433 -3.0102717121537381217 93.022611540641378269
-2.9918796290637530433 -3.0102717121537381217 93.022611540641378269
-2.9918796290637530433 -3.0102717121537381217 93.022611540641378269
45.613683626214474032 50.150897108708093697 75.985252673729732464
-2.9918796290637530433 -3.0102717121537381217 93.022611540641378269
-2.9918796290637530433 -3.0102717121537381217 93.022611540641378269
33.600505939724648385 52.634590373582028633 76.495611214975667735
38.099299652047797338 47.797565676266010826 70.492413761765078561
-2.9918796290637530433 -3.0102717121537381217 93.022611540641378269
-2.9918796290637530433 -3.0102717121537381217 93.022611540641378269
39.603991097703584501 48.637483744276607922 74.990508147674091788
-2.9918796290637530433 -3.0102717121537381217 93.022611540641378269
28.569618681307012764 34.836220665382107597 58.501832928631316122
28.820113987869731886 34.086581583660219508 60.50130298318662625
28.070083993696236746 32.085777898851461032 67.000942955997544459
28.071167104666567838 32.087234429290973026 69.500584782844114784
-2.9918796290637530433 -3.0102717121537381217 93.022611540641378269
28.071643468049074954 31.087480019778997331 72.750081748463259146
38.568049665686878313 29.08148387638097887 36.99608422066511082
38.562666696542976297 29.574442554646438452 23.498037057794832094
46.079859064640409372 29.597295597093925323 40.489141084192318942
52.094309856355948796 47.623625331555636819 16.988012996559209711
49.083542780901254332 39.105895245520059689 19.489920984699480755
48.582470688605120301 39.35457005910553363 17.990575932566891026
-2.9918796290637530433 -3.0102717121537381217 93.022611540641378269
60.855100923246993716 35.633085597763773933 41.226552644859609131
60.102894182110247812 35.129947210952622072 39.477430699667181102
-2.9918796290637530433 -3.0102717121537381217 93.022611540641378269
-2.9918796290637530433 -3.0102717121537381217 93.022611540641378269
60.598681095662541907 36.874955082881442081 24.479214509376902242
60.097858220100121684 37.624162542250637387 22.479959799334945814
-2.9918796290637530433 -3.0102717121537381217 93.022611540641378269
-2.9918796290637530433 -3.0102717121537381217 93.022611540641378269
-2.9918796290637530433 -3.0102717121537381217 93.022611540641378269
47.139071530324230253 77.195649739200874251 71.985543791321973117
55.635183261248450037 62.68439111762022975 68.478180973895987904
-2.9918796290637530433 -3.0102717121537381217 93.022611540641378269
-2.9918796290637530433 -3.0102717121537381217 93.022611540641378269
52.349400036731736918 32.624536428687122225 60.231040092574374967
52.602625194738990899 33.879358376936465902 64.230298434991823342
52.605663685942452901 35.634135700197056451 67.479898281371859525
-2.9918796290637530433 -3.0102717121537381217 93.022611540641378269
39.621043209379060102 67.667919963328941435 73.491433878426860815
42.118425983878992724 63.662731498202582259 68.489847107755650768
42.118842930551139148 63.413193446761447092 69.989622850246121288
-2.9918796290637530433 -3.0102717121537381217 93.022611540641378269
-2.9918796290637530433 -3.0102717121537381217 93.022611540641378269
46.109810745890996486 47.144486191638776518 71.985282819330322468
-2.9918796290637530433 -3.0102717121537381217 93.022611540641378269
-2.9918796290637530433 -3.0102717121537381217 93.022611540641378269
27.599144915652935595 62.636923511239473328 70.00208490622136992
35.099546974377084041 52.633247461071221096 69.745286202260899699
-2.9918796290637530433 -3.0102717121537381217 93.022611540641378269
-2.9918796290637530433 -3.0102717121537381217 93.022611540641378269
-2.9918796290637530433 -3.0102717121537381217 93.022611540641378269
-2.9918796290637530433 -3.0102717121537381217 93.022611540641378269
-2.9918796290637530433 -3.0102717121537381217 93.022611540641378269
60.612055364698534277 52.649161706654346915 21.48023355855487182
-2.9918796290637530433 -3.0102717121537381217 93.022611540641378269
34.564012498956415698 37.579554612513348388 21.502068440562734253
34.562680167017084898 37.077565436655184783 19.502336272344550139
-2.9918796290637530433 -3.0102717121537381217 93.022611540641378269
35.061569736794687913 36.575856891360729151 16.502316680711153651
65.619534399021688387 33.6515363371503895 64.469055228603352248
-2.9918796290637530433 -3.0102717121537381217 93.022611540641378269
65.620400888240581594 33.652701563998249412 66.468768694553048704
62.604781878827090225 27.129236781832585024 53.472972172678282732
-2.9918796290637530433 -3.0102717121537381217 93.022611540641378269
-2.9918796290637530433 -3.0102717121537381217 93.022611540641378269
-2.9918796290637530433 -3.0102717121537381217 93.022611540641378269
65.639847401855405451 56.187740215175331571 62.970111904992862151
64.639869439784249039 56.688002906962502436 64.970705460010435672
64.140097080899010962 56.93842556078399042 66.470930601207157906
63.640324722013758674 57.188848214605478404 67.97115574240388014
53.126877340790144899 66.924989277698173851 47.733466270172648649
52.627289009780632512 66.675461899159856216 50.733457802253589364
-2.9918796290637530433 -3.0102717121537381217 93.022611540641378269
50.134400635401163981 68.185706765195547518 71.48269455863623989
50.135299726091659522 68.687113327411850605 72.482569998975137082
-2.9918796290637530433 -3.0102717121537381217 93.022611540641378269
-2.9918796290637530433 -3.0102717121537381217 93.022611540641378269
50.124736801610339398 56.167971082195236932 74.981744172648689073
-2.9918796290637530433 -3.0102717121537381217 93.022611540641378269
62.119879109645907533 46.157061922331010351 48.97475840076523923
-2.9918796290637530433 -3.0102717121537381217 93.022611540641378269
60.125956021061156775 46.665502552772942124 67.973777773247320511
59.625484904312330059 46.164689279446818659 69.473974859967455586
-2.9918796290637530433 -3.0102717121537381217 93.022611540641378269
59.125912870295010748 46.165282570118051808 71.974047377052855268
59.607242397282753643 32.134627294037564127 57.475170316984005581
60.607621009561526648 31.134705877219470693 57.474271519337136738
61.106445386117741236 29.632514647965081167 56.473927977201327622
-2.9918796290637530433 -3.0102717121537381217 93.022611540641378269
-2.9918796290637530433 -3.0102717121537381217 93.022611540641378269
56.350498558747077027 33.876365231771849551 47.97939635291714211
56.602391389050282555 34.629198003797966976 49.978922526397390413
57.10753041196367974 33.635696007464716217 62.476663558805256571
56.107660764539012632 34.136104350139305552 64.727221296460470512
55.608912101049014609 35.138199892445015848 66.977367046848470977
54.609865823652732786 36.640110484867591367 68.977998012213845413
-2.9918796290637530433 -3.0102717121537381217 93.022611540641378269
48.432647456362445837 44.129102726491431952 47.153385194505581524
49.601404156381889266 43.881773103288878701 48.985441564677067561
49.10473920101475187 38.634201938998671721 69.482738834874723466
48.605183464570075103 38.884915902616675965 71.482892342554194443
47.603824275669119004 38.132827408014662751 72.983510763654095399
39.584339514540332061 29.60355184515443483 70.490442031054811878
39.085016700627051023 30.104677783248380507 72.490604895335792435
38.064555321552710154 22.074037529914111389 45.495035246391616113
38.065421811915079786 22.0752027566131801 47.494748708180914321
38.566510203521929157 22.076648613909512164 48.494174746068594573
36.569489208897472565 21.580528275903883895 62.493873048705417261
-2.9918796290637530433 -3.0102717121537381217 93.022611540641378269
31.573316643267396842 34.590988135547803495 58.49923941683593398
50.852484173184038241 43.633082273468509982 48.234462931031842459
51.10356992335411519 43.634533467425661968 49.983996863022241541
51.354298141980976311 43.135306361010215426 51.983476270289983745
50.610864619548415533 42.643965889656030299 70.481453132905741654
49.860780988882936526 43.144077586051764683 71.481974609222049821
-2.9918796290637530433 -3.0102717121537381217 93.022611540641378269
-2.9918796290637530433 -3.0102717121537381217 93.022611540641378269
-2.9918796290637530433 -3.0102717121537381217 93.022611540641378269
39.102274912303862209 50.635983669534191165 68.241980729515006487
38.603677680411649931 50.637887839329202677 72.991730895490547937
39.355093645581256112 50.639765314855054612 73.990941586934937391
-2.9918796290637530433 -3.0102717121537381217 93.022611540641378269
55.596303843042292669 31.119664716148822237 46.480154412023843236
55.095832726178848304 30.618851445885784557 47.980351495382166149
56.100359762330782587 30.124706188771622095 56.478253618604554731
55.850898674954095213 30.125439793849764669 58.47818242469104888
55.601329280363792407 30.12602774375603687 60.228147052522061244
54.607038182296051332 33.134925441420129744 69.977723804351313674
-2.9918796290637530433 -3.0102717121537381217 93.022611540641378269
-2.9918796290637530433 -3.0102717121537381217 93.022611540641378269
-2.9918796290637530433 -3.0102717121537381217 93.022611540641378269
-2.9918796290637530433 -3.0102717121537381217 93.022611540641378269
36.564250236490309476 37.579803211672881957 16.001133642165907389
37.064255515335979396 37.579792532477206635 14.500917852341068226
-2.9918796290637530433 -3.0102717121537381217 93.022611540641378269
41.106806102094360256 71.65030110523015594 27.496881816694731526
51.124600044792060771 77.17604678640375937 26.488616978607030461
53.62855824458556242 77.681478252361628734 26.986410583241287497
-2.9918796290637530433 -3.0102717121537381217 93.022611540641378269
42.079310959340425313 45.102823359199859965 17.996390067143423153
-2.9918796290637530433 -3.0102717121537381217 93.022611540641378269
42.578882993276245372 45.102230066677897469 15.496317550060833668
46.591794252824264788 53.122610523656035753 15.993099660593326661
47.59270389954313174 53.623995731887362126 13.992543515924506181
-2.9918796290637530433 -3.0102717121537381217 93.022611540641378269
44.58084010378550488 31.599458210815551951 42.990149816258018234
45.08084538189245194 31.599447531679960122 41.489934026275285817
44.829867939228201124 31.598141992919707377 39.990364276457022186
-2.9918796290637530433 -3.0102717121537381217 93.022611540641378269
46.076913612235593121 32.594519682428057195 27.241151635446428259
46.576859474370891689 33.344725361303211741 23.991214622492925912
48.385977322678961343 82.693616862598375405 49.237932193654152968
53.394954755972939608 81.705116624492958977 56.982477512425802502
54.145872288053467969 80.705928812134260397 58.981507519646754645
55.147366605595728117 80.207705261742873404 60.480412524454337131
55.148016472374060015 80.208579178794209952 61.980197623921299055
-2.9918796290637530433 -3.0102717121537381217 93.022611540641378269
56.900547664597489472 79.711723324858141382 63.603438676279310471
58.634078175917991871 65.183785906539370103 51.478125913536956659
62.642817906035858755 65.695594075828140035 58.473696188195390278
63.144805385678736798 66.1984464954834948 60.472997660073303905
63.645893775466007014 66.199892352994069711 61.472423702802771572
-2.9918796290637530433 -3.0102717121537381217 93.022611540641378269
64.399026428449928972 65.95397960797888004 66.970980328702950146
-2.9918796290637530433 -3.0102717121537381217 93.022611540641378269
31.598485698416574508 75.14083239713392004 29.504909398539879817
33.099617244349637701 75.642498238002431776 26.504065830891772038
-2.9918796290637530433 -3.0102717121537381217 93.022611540641378269
35.102303023308365937 76.646433879154670876 24.502667008116912228
50.630552917105951849 82.186044809640890207 30.988590025787541293
51.631429962434722825 82.187188684354481438 29.987871906726709881
53.133427998333246478 82.690019745742233681 28.986741799198686209
-2.9918796290637530433 -3.0102717121537381217 93.022611540641378269
55.878330715964850128 67.176944711435567115 42.231894788324154888
58.131452382071529428 68.181457629198561676 40.480244799701509351
60.632193835588353181 69.182760834256896487 32.479274897834372382
61.132773267010847462 69.683719759087367152 31.22904199375093981
62.63174910946872842 68.681894174479666049 26.478393030430396493
63.131505170862823206 68.181350849562136318 25.478086898636792768
-2.9918796290637530433 -3.0102717121537381217 93.022611540641378269
19.069606059120719266 66.098885421145780583 20.016701082015007529
19.068739570319273469 66.097720194333689392 18.016987621660543795
18.56768376791839259 66.596515679598184079 16.01772355574829021
-2.9918796290637530433 -3.0102717121537381217 93.022611540641378269
22.562459807370153442 55.585003378266947038 15.513938113863218859
32.608437792746229889 68.15141502063526957 64.498771714249954812
34.109471548795866624 67.152356841760834527 64.497442220893702824
36.110976425736829754 66.654111939023451328 62.995915645798532978
37.612476024278294062 66.155877709250773933 62.994604860415677194
39.112827316587157611 64.655704277639600264 62.493328298103847374
40.614077695738878049 63.656937402312138374 62.991927171081272263
42.115360670258326081 63.158411869000033789 62.490688013854828853
64.641008250468885876 64.192496898290116292 51.472920177474371428
66.142616161220161075 63.694408329522914869 51.721573575201659878
68.144445971850686306 63.196600385213571371 50.969939544122858877
71.647401549806062349 61.449759246115263522 50.966859218415002886
72.647330620401689316 60.199134544812963554 50.466022702791633492
74.649268738663280942 59.701472255711244941 49.964352855563546996
76.150551719342914225 59.20294672193990948 49.463113702957379303
56.624502565414651656 58.16821501050421972 50.479730073487310449
58.625974844501953953 57.169728765822270589 49.978041517685845463
-2.9918796290637530433 -3.0102717121537381217 93.022611540641378269
-2.9918796290637530433 -3.0102717121537381217 93.022611540641378269
64.132000551232437147 55.677043878263475563 50.473176142172164305
69.13769604942753233 54.183932706649308386 51.71863400042996517
-2.9918796290637530433 -3.0102717121537381217 93.022611540641378269
71.640440746177830533 52.686942287118121442 53.716137878242186332
73.142048656294321063 52.18885371337988488 53.964791270381738286
74.893875828251211146 51.691051108056285557 53.963265139750582478
76.645237161196831721 50.692424550853921517 53.961720300540434891
-2.9918796290637530433 -3.0102717121537381217 93.022611540641378269
49.131121753297399835 81.186468086554540946 38.988698542137576908
-2.9918796290637530433 -3.0102717121537381217 93.022611540641378269
52.630574029888919085 82.186002099274787724 24.987726866966308847
55.132179915495392208 73.184517688376658384 40.483016021159833997
57.631098300368968523 75.017031805558545443 26.482936907621457578
57.630603713322017256 75.183099200888690916 24.983158048085144287
58.381185783944253842 75.684052789236801573 22.982817249145544025
54.640093947614268188 81.698535533782347784 41.983549811934665286
-2.9918796290637530433 -3.0102717121537381217 93.022611540641378269
-2.9918796290637530433 -3.0102717121537381217 93.022611540641378269
62.647944225651485795 81.208610383530228205 36.977356353911346787
21.072853406843641721 59.100416182747657956 36.512352487495967068
21.823202558141790774 59.350957794557352543 34.512002337065425195
20.321286015163227745 60.098730077436272268 33.013537379589386944
21.071185617681297941 60.09856840723124094 30.513249512398225249
23.569521121404370945 54.093871121630563437 32.010656672540619638
23.819664669625275621 54.594252773873577667 30.510674935927184492
-2.9918796290637530433 -3.0102717121537381217 93.022611540641378269
-2.9918796290637530433 -3.0102717121537381217 93.022611540641378269
32.619033314828321579 81.170798604578521918 60.999759509975035598
34.999365900333131663 82.428378998020264135 63.434911262730715009
-2.9918796290637530433 -3.0102717121537381217 93.022611540641378269
37.632095010277012648 84.689568272633238166 68.494509001914522628
41.625442983655254636 81.679295624053921188 47.49395986492734778
-2.9918796290637530433 -3.0102717121537381217 93.022611540641378269
44.136982972136515002 82.194922814548476708 65.489246263474171883
44.638937854614859191 82.197533898464115509 68.488385760231679456
46.089814212488882106 36.113250474769934328 49.48809484155856353
47.591963674791529115 35.615890168429430673 50.986569150525554051
-2.9918796290637530433 -3.0102717121537381217 93.022611540641378269
50.59486508325223042 33.118697701417431745 53.983461653911128053
33.254934521864441876 39.94647478406933061 76.49542446099870574
-2.9918796290637530433 -3.0102717121537381217 93.022611540641378269
-2.9918796290637530433 -3.0102717121537381217 93.022611540641378269
39.056918894749792059 21.063337775626834514 26.996786922272747233
39.556707551154893565 21.063035786634646485 24.996642765965166433
39.055402536744800557 21.061298625779929949 23.49728836282629274
31.611440966149260134 81.160624232460449434 46.502698297765675761
31.112302177477772602 81.161800132193249624 50.002627550508215393
46.797626385225790102 80.185938137628326672 47.822738824926481982
51.62640144024363309 68.17489638953847475 48.484697664268651351
52.128789563024355402 68.178090087249287876 52.483693894732205365
53.389255318315385068 70.693107136640918498 67.480561656418615257
-2.9918796290637530433 -3.0102717121537381217 93.022611540641378269
68.655803921483979479 71.215016437496629464 58.468733629592023249
70.159242600313490357 72.219982329732275161 59.717299879228463055
-2.9918796290637530433 -3.0102717121537381217 93.022611540641378269
-2.9918796290637530433 -3.0102717121537381217 93.022611540641378269
26.598595892193358736 77.642145868098594974 39.507877172999677384
28.599916745565661103 77.643850997349773024 36.506584206289076633
-2.9918796290637530433 -3.0102717121537381217 93.022611540641378269
29.598194320211746344 77.641499185731603916 29.506725701188315725
30.598437798135183385 77.891889808135175599 26.506303472901166174
-2.9918796290637530433 -3.0102717121537381217 93.022611540641378269
45.876548895683448848 79.679841695635445831 41.491083758497296685
46.626015253717312703 79.679097412017213742 37.990939160009851605
47.620761673783100321 78.671602028248443617 24.991902860177450663
-2.9918796290637530433 -3.0102717121537381217 93.022611540641378269
31.080974018545987292 59.110980967528334418 25.005386209884640891
26.566659952713923332 49.588139333839599487 26.008763770865130027
63.632006825704536368 59.178452619223655518 44.474597388261763342
66.136246836274452221 60.68465806693100717 43.472643307237412102
68.64030282623058099 62.690813546386564781 40.970922835229202974
70.142907610067567248 64.194855547755835801 39.219937593628600325
58.117619075374840065 58.659102507407212101 28.981536975969603986
58.616974479963332101 58.658217911876576522 25.981536093613591731
59.1160806745791092 58.156800669907717349 23.481444862353040293
59.115430808218228265 58.155926752892135312 21.981659768481318196
35.071534376294223989 36.589256986025816332 39.49902149427450837
37.071425105481509377 34.588248919843600504 37.497510431205576253
41.126120169533251669 82.180421562129993163 49.494122726410708424
46.639446541613928332 83.031809365106454379 61.820982624218842716
-2.9918796290637530433 -3.0102717121537381217 93.022611540641378269
56.631880316297014133 66.681493914913801291 49.230227156033414815
57.133726886982998394 66.683959337859732841 51.979402475275996665
57.636396827969036849 67.687927016722738927 54.478651022219395372
57.641877586724689309 68.695692352031159089 64.977184110807172601
39.369960545914935324 82.67239803642945617 39.497081548651145511
40.621089452055642255 83.174069213852931171 37.246345877659635448
-2.9918796290637530433 -3.0102717121537381217 93.022611540641378269
-2.9918796290637530433 -3.0102717121537381217 93.022611540641378269
57.130824553276106315 68.680846400251539308 40.98105325816726463
57.129741442213941127 68.6793898698041545 38.481411430089742964
33.588417162328624954 46.615963768148191093 61.49753577529620685
33.089429803859204071 45.616948299861235228 67.497069446722036901
33.090621228203346504 45.618550485013372509 70.246675456444364727
-2.9918796290637530433 -3.0102717121537381217 93.022611540641378269
32.593638144178115112 47.123217815730576774 75.49641010752665693
32.594288012083360684 47.12409173509004745 76.996195201150896992
33.596323887527383079 46.626596450984493458 79.744921121811913167
49.847024423890665901 38.12360320793892754 50.484796194196626118
-2.9918796290637530433 -3.0102717121537381217 93.022611540641378269
48.105909546059031356 40.136403841217770605 71.983298166722860856
-2.9918796290637530433 -3.0102717121537381217 93.022611540641378269
62.613015601626877071 37.144259271394375332 50.973704462918995262
62.616199746368991441 36.148146190774227193 60.472305997838162739
62.115945244329012098 35.647624224743047705 62.47243144666917658
-2.9918796290637530433 -3.0102717121537381217 93.022611540641378269
61.617272301083680475 36.149624079481327499 65.972379404090673916
-2.9918796290637530433 -3.0102717121537381217 93.022611540641378269
55.095853767688545588 27.617694722489222414 54.479308010683027419
55.096005201271111673 26.617503354142208138 56.978912425959350685
55.098236619665648561 27.620899092581755241 59.97852003523546216
53.682093044320737363 28.121850397651325437 64.395792934946911146
-2.9918796290637530433 -3.0102717121537381217 93.022611540641378269
51.132333263681879032 76.186051142920675261 46.485714191202880841
53.134953850151646293 76.189504106235190761 46.483991417271425917
55.137991384136640249 75.943419018057426229 47.982044387387148277
57.140379050988130416 75.696460006652060315 47.980312256926239911
60.145008692761479097 76.452875381587745096 47.97775615632613011
61.647439973269456459 76.956289056399441506 47.976482781772951114
-2.9918796290637530433 -3.0102717121537381217 93.022611540641378269
57.632649046962043826 66.682492128905167306 47.979544859945143287
59.134581894274255376 66.184840518318509339 48.978090801201339843
62.388591129896717291 65.689918939555241195 49.475200953930119852
-2.9918796290637530433 -3.0102717121537381217 93.022611540641378269
-2.9918796290637530433 -3.0102717121537381217 93.022611540641378269
24.592199681996135041 72.881739285900138725 41.009207337569989704
-2.9918796290637530433 -3.0102717121537381217 93.022611540641378269
31.597770637755338896 74.13947580237217494 30.004800348719591341
32.598463659661213399 74.640569702940979369 27.504315843647919593
34.100245073390851758 75.14310946070132502 26.003257369627792883
52.133373295105002398 78.688401702501934665 40.48580594773476804
-2.9918796290637530433 -3.0102717121537381217 93.022611540641378269
-2.9918796290637530433 -3.0102717121537381217 93.022611540641378269
-2.9918796290637530433 -3.0102717121537381217 93.022611540641378269
65.901173202919864025 78.711849538854480102 39.974033510209764586
67.653249591205408819 78.714579576821577689 39.472597717700381281
-2.9918796290637530433 -3.0102717121537381217 93.022611540641378269
53.122844032623831367 73.17203422087339959 24.986959463171295681
56.128215551587118171 73.679348503141113724 27.234071655282615865
60.6364841967219661 75.190900408977142888 29.4799291746095804
22.318814940261741953 55.09336091918051892 32.011770814696156151
22.568958481331378607 55.593742572659188284 30.511789079300470462
22.568091992557096859 55.592577346464011612 28.512075618945068811
22.817769701793896076 55.592135047445154328 27.012075173751696866
-2.9918796290637530433 -3.0102717121537381217 93.022611540641378269
46.082437489597332103 32.601947994786264928 39.989324954440405691
-2.9918796290637530433 -3.0102717121537381217 93.022611540641378269
-2.9918796290637530433 -3.0102717121537381217 93.022611540641378269
60.098524384223829031 37.875157136531342417 23.479825883794188002
-2.9918796290637530433 -3.0102717121537381217 93.022611540641378269
62.597937226377780462 30.121217352620611507 31.226272142816043242
63.598705956625373403 30.122215566576223011 29.975589841132538993
64.099534611960024222 31.123707136571663767 28.225447277921059452
-2.9918796290637530433 -3.0102717121537381217 93.022611540641378269
-2.9918796290637530433 -3.0102717121537381217 93.022611540641378269
32.086733538265065135 47.614148025195525804 59.99908017503195623
33.088411883900398891 46.615974447379628032 62.997751570716275182
33.777310642581774403 79.658882924274962534 41.334849397778043567
37.109950077572854354 80.658226294295531034 27.500664070256792826
37.360559466644261306 81.659431897639535691 26.000701041906424393
38.361485408510560546 82.410937772834159887 23.500225888206642821
52.631319630264499665 73.683647193213616333 44.984543483809062536
53.882806069588156106 74.685996664634231479 42.483862333938731126
-2.9918796290637530433 -3.0102717121537381217 93.022611540641378269
53.131022048405625924 75.684019250155103009 38.485118862334758205
51.848898381681301828 41.62743465900772577 41.234529600151788031
52.34764704540123148 40.625339122867536901 38.984383849194919947
54.090960739842387284 39.115692886487103408 21.485327511005419154
-2.9918796290637530433 -3.0102717121537381217 93.022611540641378269
45.596230235639296779 54.879302691989295226 25.49266546235281794
23.600394991546419732 79.145264403907802375 49.509084763686161068
24.602571777318075874 79.148156112080286562 51.507936838423894699
28.611528129709522972 79.660255591151269527 59.003435477326981129
-2.9918796290637530433 -3.0102717121537381217 93.022611540641378269
-2.9918796290637530433 -3.0102717121537381217 93.022611540641378269
60.605370605846950127 43.136419698754494334 26.479161795706197324
60.103632342937800104 43.134099924882860932 23.979950665918913444
-2.9918796290637530433 -3.0102717121537381217 93.022611540641378269
-2.9918796290637530433 -3.0102717121537381217 93.022611540641378269
38.348908314212479809 45.629508016390587954 73.491687548407043096
51.605501703282683934 36.634348426192921977 67.980725444282796843
27.08533211725452361 46.86214495691549331 73.501424920580760158
27.085765369042405837 46.862727569720668441 74.501281652336913908
-2.9918796290637530433 -3.0102717121537381217 93.022611540641378269
-2.9918796290637530433 -3.0102717121537381217 93.022611540641378269
39.067349376604205702 21.577561819369616813 49.993510440999692435
39.069364172829864401 22.580666254181753771 52.493189683783697319
38.569358893984201586 22.580676933377425541 53.99340547360853293
-2.9918796290637530433 -3.0102717121537381217 93.022611540641378269
39.575434884170363148 22.588812161875985396 64.990968125924425181
40.077205740354436614 23.091373271894344299 66.490341237158560261
41.07984836562130937 23.5950889294053745 68.489212018678585991
48.130817833126712912 76.6843173975126291 50.987672345785412631
46.634701199121693094 76.689592949488741169 64.487030300486850365
-2.9918796290637530433 -3.0102717121537381217 93.022611540641378269
46.636867428512474021 76.692506015918098683 69.486313952951945794
60.968804235444508777 64.018448331322133527 50.142930056158952823
63.140191116141977545 65.19184638702293455 51.974178037435230237
64.644962129436535747 66.698801454827290058 55.222476449194957127
66.649938746225785735 67.955916482234087539 57.970406452732817115
-2.9918796290637530433 -3.0102717121537381217 93.022611540641378269
68.155516825568284389 70.214253135513999382 61.468697108410381702
-2.9918796290637530433 -3.0102717121537381217 93.022611540641378269
-2.9918796290637530433 -3.0102717121537381217 93.022611540641378269
41.634855545000000632 83.192545815391284236 65.991365510008492379
42.136593804319943501 83.194865589572287945 68.490576640405123499
51.145418920427871967 84.206808327382304924 59.484150992020019544
50.646047211587237769 83.957572252471408092 62.984070890593066849
-2.9918796290637530433 -3.0102717121537381217 93.022611540641378269
52.399407036360614143 83.711929465772982439 65.982124304779361523
56.120518643081155119 66.916331669844112184 23.984284744763709085
56.119170018303407232 66.164221822560605801 22.484471590824860243
56.117371844518316948 65.161408697544985102 20.484720714523596996
56.116006915070983041 64.159178179784191798 19.48482657120654693
55.615167742706553611 64.658264974262209535 17.985490876153576778
-2.9918796290637530433 -3.0102717121537381217 93.022611540641378269
53.611106513409808372 64.152677173962899815 15.73751729796563481
34.786202727459617279 79.670805136374397648 58.831480801710199557
37.123207175181690332 79.675658963089546205 60.245934604449246308
38.626396635424356418 80.180092209629435729 61.994410506643561121
50.141746820711368571 81.20072075196054584 60.484756874440300578
51.632208156957013045 74.18507510812214889 48.984850500865285028
-2.9918796290637530433 -3.0102717121537381217 93.022611540641378269
53.635879260417382852 73.689743272061633661 52.482607578722671349
26.090094065606727725 53.62125050756780098 73.00261047472621101
22.065454646081555268 55.088851008523491259 25.012989047602069093
21.563467166075568571 54.585998590066189706 23.013687570127054016
-2.9918796290637530433 -3.0102717121537381217 93.022611540641378269
-2.9918796290637530433 -3.0102717121537381217 93.022611540641378269
-2.9918796290637530433 -3.0102717121537381217 93.022611540641378269
20.556177677343441701 52.575441480025688179 13.515835190251355158
-2.9918796290637530433 -3.0102717121537381217 93.022611540641378269
-2.9918796290637530433 -3.0102717121537381217 93.022611540641378269
35.574495627363702965 32.091443863024871064 54.496273414989516937
-2.9918796290637530433 -3.0102717121537381217 93.022611540641378269
35.578113018451354321 31.095913395607261975 64.994731676922697261
35.32908518070902204 31.09722961367620897 67.994517215130969134
35.58026294646137444 30.848705791347594385 70.493934345117352791
32.621537056416521239 89.677523107399110813 48.501868374438302567
-2.9918796290637530433 -3.0102717121537381217 93.022611540641378269
-2.9918796290637530433 -3.0102717121537381217 93.022611540641378269
45.644517466058843524 91.208556678363720494 58.989222135263801761
-2.9918796290637530433 -3.0102717121537381217 93.022611540641378269
27.348754214736985091 71.639962059677344541 50.505430703253217928
34.880788316122661286 86.688698859520769702 69.496809370649572202
31.616000565306521253 79.666163304450591909 60.250672233485303764
31.617224585651193536 80.168006831635295839 62.000440218562431482
32.619867208764532052 80.671722489331941119 63.999311000448066977
33.12163806453116166 81.174283599314534854 65.498684106086983547
41.133366504867716174 83.690758686710736924 62.992244715619804651
40.633545252462091923 83.190819333670361857 65.992226896572589112
48.591627224672983232 33.614612157070979492 51.485561309019225007
41.616911629621490931 81.501090459864371951 28.163390162905809433
43.118992738391867192 82.170765734395146751 26.995623502622581924
-2.9918796290637530433 -3.0102717121537381217 93.022611540641378269
22.090974029071940521 61.12553861825990964 71.00662314893236271
-2.9918796290637530433 -3.0102717121537381217 93.022611540641378269
20.841502385167927969 61.126293575436555727 76.006983534434169769
20.592582857627629522 61.127755448563270591 79.256733261722771999
-2.9918796290637530433 -3.0102717121537381217 93.022611540641378269
20.085048401882808378 53.614678592954106762 79.506847546786403313
-2.9918796290637530433 -3.0102717121537381217 93.022611540641378269
31.254209898332330653 42.446558959304965697 75.49738403079416571
59.628412399707308111 61.174551179155109537 43.97818939370219482
60.622292330804668836 60.165890568559944995 28.979439631277234213
-2.9918796290637530433 -3.0102717121537381217 93.022611540641378269
39.593974876156821097 61.12895187377281303 24.998139241728189575
