1.75 -6.25 1.75
100.75 65.75 32.75
99.75 65.75 30.75
1.75 -6.25 1.75
175.75 60.75 93.75
174.75 60.75 90.75
174.75 61.25 86.75
1.75 -6.25 1.75
102.75 76.75 60.75
101.75 77.75 55.75
1.75 -6.25 1.75
102.75 79.75 47.75
102.75 79.75 44.75
102.75 80.25 41.75
130.75 110.25 99.75
130.75 110.25 104.25
130.75 109.75 107.75
128.75 109.75 145.75
128.75 109.75 148.75
129.75 109.75 152.75
141.75 127.75 99.75
139.25 66.75 135.75
138.75 66.75 139.75
138.75 66.75 142.75
138.75 66.75 145.75
138.75 66.75 148.75
138.75 66.75 152.75
109.75 55.75 124.75
1.75 -6.25 1.75
140.75 71.750000000000653699 45.75
140.25 71.750000000000653699 41.75
139.75 71.25 38.75
109.75 79.75 54.75
82.25 60.75 69.75
82.75 59.75 65.75
81.75 60.75 62.75
81.75 61.75 58.75
1.75 -6.25 1.75
78.75 62.75 50.75
79.25 61.75 38.75
1.75 -6.25 1.75
112.75 92.75 143.75
113.75 91.75 146.75
1.75 -6.25 1.75
115.75 92.75 164.75
115.75 90.75 61.75
115.75 89.75 57.75
68.75 105.75 82.75
68.75 105.75 78.75
1.75 -6.25 1.75
138.75 88.75 52.75
140.75 92.75 53.75
141.75 96.75 53.75
138.75 101.75 54.75
1.75 -6.25 1.75
1.75 -6.25 1.75
102.75 98.75 56.75
124.75 78.75 43.75
123.75 79.75 39.75
123.75 79.75 35.75
123.75 79.75 31.75
123.75 79.75 27.25
1.75 -6.25 1.75
100.75 93.75 36.75
130.083333333000013 80.75 147.0833333300000163
128.75 80.75 150.75
128.75 81.75 154.75
157.75 78.75 137.75
1.75 -6.25 1.75
158.75 79.75 143.75
1.75 -6.25 1.75
1.75 -6.25 1.75
1.75 -6.25 1.75
1.75 -6.25 1.75
187.75 78.75 132.75
190.75 80.75 132.75
168.75 66.75 101.75
168.75 66.75 104.75
98.75 60.75 126.75
99.25 60.25 131.25
98.75 60.25 134.75
101.75 74.75 141.75
101.75 76.25 151.75
102.25 78.25 155.75
140.25 67.75 135.75
139.75 67.75 139.75
139.75 68.75 142.75
139.75 68.75 146.75
139.75 69.75 150.75
133.75000000000068212 80.75 131.75
133.75000000000068212 80.75 136.75
133.75000000000068212 80.75 140.75
133.75000000000068212 80.75 143.75
133.75000000000071054 82.75 148.75
132.75 82.75 152.75
132.75 82.75 155.75
105.75 96.75 127.75
104.75 98.75 132.75
104.75 98.75 136.75
103.75 98.75 140.75
110.75 82.75 133.75
109.75 86.75 133.75
105.75 107.75 131.75
103.75 111.75 130.75
122.75 61.75 137.75
122.75 65.75 136.75
120.75 69.75 136.25
118.75 73.75 136.25
118.75 77.75 134.75
118.75 83.75 133.75
112.75 116.75 131.75
135.75 65.75 134.75
137.75 69.75 135.75
139.75 73.75 135.75
151.75 100.75 139.75
154.75 113.75 141.75
116.75 112.75 98.75
1.75 -6.25 1.75
116.75 113.75 123.75
117.75 113.75 128.75
116.75 114.75 134.25
116.75 115.75 150.75
110.75 129.75 98.75
110.75 130.75 102.75
110.75 131.75 106.75
111.75 133.75 121.75
111.75 133.75 124.75
111.75 134.75 128.75
106.75 55.75 73.75
107.75 57.75 71.75
1.75 -6.25 1.75
107.75 54.75 26.75
1.75 -6.25 1.75
164.75 104.75 84.75
164.75 104.75 80.75
162.75 103.75 59.75
166.75 102.75 49.75
150.75 106.75 51.75
150.75 106.75 47.75
163.75 80.75 43.75
1.75 -6.25 1.75
140.75 125.75 92.25
144.75 128.75 87.75
146.75 130.75 86.75
147.75 140.75 91.75
147.75 140.75 88.75
1.75 -6.25 1.75
135.75 139.75 91.75
135.25 138.75 88.75
135.75 137.75 78.75
117.75 140.75 93.75
118.75 139.25 78.25
155.75 74.75 64.75
157.75 78.75 65.75
127.75 130.75 104.75
126.75 130.75 108.75
126.75 129.75 112.75
128.75 129.75 114.75
128.75 129.75 118.75
129.75 130.75 121.75
129.75 131.75 124.75
129.75 131.75 127.75
128.75 131.75 132.75
127.75 130.75 135.75
1.75 -6.25 1.75
109.75 132.75 102.75
109.75 132.75 106.75
109.75 132.75 109.75
112.75 131.75 125.75
112.75 131.75 129.75
112.75 132.75 132.75
112.75 130.75 136.75
112.75 130.75 139.75
176.75 106.25 131.75
177.75 106.75 136.25
1.75 -6.25 1.75
121.75 117.75 104.75
124.75 118.75 115.75
125.75 119.75 120.75
126.75 119.75 123.75
125.75 120.75 127.75
124.75 120.75 131.75
122.75 121.75 135.75
122.75 121.75 138.75
124.75 121.75 141.75
80.75 56.75 120.75
1.75 -6.25 1.75
81.75 55.75 128.75
81.25 55.75 132.75
81.75 55.75 136.75
141.75 86.75 130.75
1.75 -6.25 1.75
106.75 96.75 140.75
65.75 67.75 105.75
64.75 68.75 109.75
73.75 96.75 100.75
73.75 96.75 105.75
72.75 96.75 109.75
76.75 101.75 140.75
1.75 -6.25 1.75
77.75 100.25 147.75
76.75 98.75 150.75
1.75 -6.25 1.75
1.75 -6.25 1.75
150.75 84.75 129.75
156.75 112.75 119.75
157.75 115.75 116.75
155.75 101.75 120.75
157.75 106.25 119.75
160.75 109.75 118.75
144.75 90.75 131.75
145.75 91.75 134.75
146.75 92.75 138.75
148.75 95.75 147.75
1.75 -6.25 1.75
177.75 62.75 91.75
131.75 111.75 46.75
131.75 111.75 42.75
131.75 112.75 37.75
137.75 124.75 89.75
141.75 127.75 86.75
144.75 129.75 83.75
146.75 132.75 82.75
148.75 134.75 79.75
84.75 126.75 90.75
84.75 126.75 86.75
85.75 126.75 67.75
124.75 67.75 55.75
125.75 67.75 51.75
123.75 68.75 29.75
96.75 91.75 146.75
109.75 108.75 134.75
108.75 112.75 135.75
128.75 86.75 38.75
128.75 85.75 34.75
128.75 85.75 29.75
120.75 90.75 40.75
1.75 -6.25 1.75
1.75 -6.25 1.75
107.75 128.75 99.75
107.75 132.75 133.75
1.75 -6.25 1.75
107.75 131.75 141.75
122.75 133.75 98.75
119.75 132.75 110.75
1.75 -6.25 1.75
121.75 133.75 118.75
122.75 133.75 121.75
120.75 134.75 132.75
120.75 134.75 136.75
91.75 52.75 123.75
91.75 52.75 127.75
92.75 52.75 131.75
94.75 52.75 142.75
94.75 52.75 146.75
93.75 52.75 150.75
93.75 51.75 153.75
92.75 50.75 156.75
92.75 51.75 159.75
128.75 67.75 58.75
128.75 67.75 54.75
129.75 68.75 51.75
1.75 -6.25 1.75
126.75 71.750000000000653699 36.75
1.75 -6.25 1.75
139.083333333000013 126.08333333000000209 88.083333332999998788
140.75 124.75 84.75
115.25 129.75 89.75
115.75 131.75 81.75
115.75 132.75 78.75
115.25 133.75 73.75
1.75 -6.25 1.75
113.75 134.75 66.75
115.75 134.75 62.75
115.75 135.75 60.75
164.75 108.25 73.75
164.75 109.75 71.75
164.75 109.75 67.75
165.75 108.25 63.25
146.75 100.75 89.75
157.75 97.75 49.75
159.75 97.75 45.75
1.75 -6.25 1.75
127.75 110.75 88.75
159.75 84.75 63.75
161.75 84.75 56.75
161.75 85.75 52.75
1.75 -6.25 1.75
162.75 86.75 45.75
129.75 89.75 60.75
129.75 88.25 56.75
130.75 87.25 53.75
131.75 86.75 49.75
131.75 85.75 46.75
1.75 -6.25 1.75
148.75 63.75 59.75
150.75 66.25 60.75
152.75 70.75 63.75
152.75 74.416666667000001212 66.083333330000002093
133.75000000000048317 54.75 51.75
134.75 54.75 48.25
135.75 55.75 44.75
135.75 56.25 40.75
136.75 58.75 37.75
137.75 61.75 34.75
1.75 -6.25 1.75
1.75 -6.25 1.75
98.75 120.75 90.75
97.75 120.75 87.75
1.75 -6.25 1.75
157.75 108.25 67.25
1.75 -6.25 1.75
148.75 119.75 92.75
150.75 123.75 78.75
1.75 -6.25 1.75
149.75 121.75 62.75
148.75 120.75 58.75
1.75 -6.25 1.75
152.75 95.75 93.75
152.75 95.75 89.75
152.75 96.75 59.75
153.75 96.75 55.75
1.75 -6.25 1.75
1.75 -6.25 1.75
154.75 96.75 45.75
152.75 95.75 41.75
146.75 90.75 49.75
144.75 91.75 44.75
143.75 91.75 41.75
1.75 -6.25 1.75
134.75 124.75 80.75
134.75 125.75 76.75
1.75 -6.25 1.75
1.75 -6.25 1.75
135.75 125.75 67.75
135.75 124.75 64.75
1.75 -6.25 1.75
134.75 124.75 55.75
1.75 -6.25 1.75
123.75 127.75 63.75
123.75 127.75 60.75
111.75 121.75 91.75
1.75 -6.25 1.75
111.75 122.75 67.75
91.75 121.75 144.75
1.75 -6.25 1.75
95.75 123.25 151.75
162.75 88.75 131.75
162.75 89.75 136.75
1.75 -6.25 1.75
177.75 102.75 98.75
178.75 102.75 102.75
1.75 -6.25 1.75
159.75 118.75 98.75
1.75 -6.25 1.75
1.75 -6.25 1.75
159.75 118.75 108.75
160.75 118.75 112.75
160.75 119.25 117.75
141.75 78.75 127.75
141.75 78.75 131.75
141.75 79.75 136.75
141.75 79.75 140.75
142.75 80.75 144.75
142.75 80.75 147.75
138.75 125.75 99.75
138.75 125.75 120.75
138.75 124.75 124.75
137.75 123.75 128.75
137.75 123.75 132.75
130.75 103.75 100.75
132.75 106.75 140.75
131.75 107.75 142.75
130.75 107.75 146.75
132.75 89.75 132.75
132.75 89.75 136.75
132.75 89.75 138.75
131.75 91.75 149.75
131.75 91.75 153.75
95.75 102.75 145.75
95.25 102.75 149.75
144.75 76.75 58.75
143.75 76.75 54.75
143.75 76.25 50.75
1.75 -6.25 1.75
153.75 96.75 145.75
153.75 95.75 148.75
177.25 102.75 62.75
170.75 94.75 64.75
171.75 98.75 64.75
1.75 -6.25 1.75
133.75000000000090949 107.75 143.75
1.75 -6.25 1.75
1.75 -6.25 1.75
179.75 85.75 130.75
1.75 -6.25 1.75
92.25 127.75 135.75
121.75 69.25 37.75
103.75 71.25 44.75
1.75 -6.25 1.75
1.75 -6.25 1.75
104.75 73.25 33.75
105.75 74.75 30.75
86.75 96.75 93.75
86.25 97.25 90.75
85.75 97.75 86.75
171.75 57.75 95.75
171.75 57.75 92.75
170.75 56.75 87.75
1.75 -6.25 1.75
168.75 54.75 71.75
169.75 53.75 67.75
77.75 51.75 68.75
77.25 51.75 64.75
77.75 52.25 60.25
1.75 -6.25 1.75
77.75 66.75 44.75
77.75 65.75 40.75
77.75 65.75 37.75
105.41666666999999791 94.083333330000002093 60.416666669999997907
105.41666666999999791 94.416666669999997907 56.75
105.75 94.25 53.75
1.75 -6.25 1.75
105.75 94.75 46.25
106.75 94.75 41.75
132.75 97.75 49.75
132.25 97.75 45.75
132.416666666999987 97.75 41.083333330000002093
131.75 97.75 37.75
116.75 97.75 64.75
1.75 -6.25 1.75
117.75 97.25 47.75
117.75 95.25 42.75
116.75 93.75 37.75
126.75 113.75 95.75
125.75 113.75 91.75
128.75 114.75 70.75
130.75 115.75 66.75
130.75 116.75 63.75
130.75 116.75 59.75
1.75 -6.25 1.75
1.75 -6.25 1.75
129.75 114.75 47.75
119.75 133.75 93.75
1.75 -6.25 1.75
120.75 133.75 86.75
121.75 133.75 75.25
121.75 133.75 70.75
120.75 133.75 67.75
120.75 131.75 63.75
1.75 -6.25 1.75
120.75 131.75 56.75
105.75 125.75 93.75
105.75 125.75 90.75
104.75 125.75 86.75
103.75 126.75 65.75
1.75 -6.25 1.75
1.75 -6.25 1.75
1.75 -6.25 1.75
1.75 -6.25 1.75
96.75 110.75 95.75
97.75 109.75 91.75
97.75 109.75 88.75
97.75 111.75 64.75
96.75 111.75 60.75
1.75 -6.25 1.75
96.75 110.75 53.75
96.75 109.75 51.75
96.75 109.75 48.75
141.75 137.75 111.75
144.75 139.75 113.75
1.75 -6.25 1.75
128.75 53.75 124.75
99.75 99.75 103.75
97.75 101.75 141.75
96.75 101.75 145.75
111.75 91.75 127.75
111.75 91.75 131.25
110.75 91.75 135.75
109.75 91.75 139.75
110.25 91.75 143.75
110.75 90.75 146.75
111.75 89.75 149.75
111.75 90.25 154.75
98.75 85.25 129.75
98.75 85.75 134.75
98.75 84.75 138.75
97.75 84.75 141.75
1.75 -6.25 1.75
1.75 -6.25 1.75
95.75 86.75 151.75
95.75 87.75 154.75
144.75 102.75 103.75
141.75 102.75 136.75
1.75 -6.25 1.75
1.75 -6.25 1.75
1.75 -6.25 1.75
138.75 106.75 146.75
114.75 106.75 102.25
112.75 109.75 141.75
110.75 109.75 144.75
128.75 136.75 103.75
127.75 134.75 117.75
127.75 135.75 120.75
116.25 133.75 100.25
113.75 135.75 117.75
115.75 135.75 129.75
1.75 -6.25 1.75
150.75 56.75 61.75
151.75 59.75 62.75
152.75 62.75 64.75
154.75 66.75 65.75
154.75 71.750000000000653699 67.75
156.75 77.75 68.75
142.25 80.75 64.75
141.75 79.75 48.75
141.75 79.75 44.75
141.75 79.75 40.75
131.75 92.75 58.75
1.75 -6.25 1.75
1.75 -6.25 1.75
131.75 92.75 41.75
133.75000000000051159 57.75 57.75
131.75 61.75 57.75
129.75 63.75 57.75
127.75 66.75 58.75
124.75 69.75 58.75
121.75 74.75 57.75
113.75 88.75 61.75
116.75 76.75 44.75
116.75 77.25 40.75
1.75 -6.25 1.75
88.75 102.75 104.75
88.75 102.75 107.75
88.75 103.75 110.75
1.75 -6.25 1.75
85.75 103.75 153.75
1.75 -6.25 1.75
87.75 104.75 162.75
87.75 104.75 167.75
114.75 48.75 135.75
114.75 47.75 148.75
114.75 46.75 159.75
1.75 -6.25 1.75
82.75 59.75 126.75
82.25 60.75 149.75
82.75 60.25 154.75
82.75 58.75 157.75
81.75 60.25 162.75
1.75 -6.25 1.75
87.75 87.75 166.25
1.75 -6.25 1.75
123.75 65.75 161.75
124.75 65.75 166.75
1.75 -6.25 1.75
107.75 77.75 162.75
108.75 78.75 167.75
115.75 80.75 133.75
113.75 84.75 132.75
111.75 88.75 131.75
110.75 91.75 131.25
144.75 77.75 129.75
146.75 81.75 128.75
156.75 104.75 123.75
164.75 60.75 103.75
164.75 60.75 107.75
161.75 60.75 120.75
162.75 59.75 137.75
161.75 60.25 140.75
86.75 92.75 85.75
108.75 58.75 73.75
109.75 60.75 70.75
1.75 -6.25 1.75
110.75 60.75 66.75
1.75 -6.25 1.75
73.75 71.750000000000653699 70.75
74.75 82.25 52.75
113.75 55.75 127.75
136.75 83.75 130.75
136.75 83.75 134.25
136.75 83.75 138.75
136.75 84.75 141.75
137.75 85.75 144.75
138.75 85.75 148.75
138.75 86.75 151.75
144.75 64.75 62.75
144.75 68.75 64.25
145.75 72.75 64.75
145.75 76.75 65.75
144.75 80.75 67.75
143.75 118.75 74.75
147.75 85.75 69.75
148.75 85.75 65.25
148.75 85.75 60.75
148.75 84.75 48.75
147.75 84.75 43.75
146.75 83.75 39.75
137.75 86.75 66.75
137.75 87.75 62.75
137.75 86.25 58.75
137.75 85.75 53.75
137.75 86.75 49.75
137.083333333000013 86.416666669999997907 45.75
137.75 86.75 41.75
137.75 86.75 38.75
103.75 76.75 52.75
103.75 77.75 47.75
103.75 77.75 43.75
104.75 78.75 40.75
104.75 79.75 36.75
104.75 79.75 34.75
149.75 35.75 140.75
136.75 85.25 49.75
134.75 85.75 40.75
1.75 -6.25 1.75
1.75 -6.25 1.75
59.75 71.750000000000653699 83.75
61.75 72.75 53.75
62.75 72.75 49.75
62.75 72.75 46.75
63.75 72.75 42.75
108.75 73.75 55.75
108.75 71.750000000000653699 51.75
106.75 69.75 37.75
107.75 70.75 34.75
108.75 70.75 30.75
109.25 71.750000000000653699 26.25
94.25 85.25 56.75
92.75 83.75 51.75
1.75 -6.25 1.75
1.75 -6.25 1.75
96.083333330000002093 84.75 30.416666669999997907
95.75 83.75 24.25
1.75 -6.25 1.75
55.75 81.75 85.75
57.75 84.75 48.75
58.75 84.75 44.75
90.75 98.75 91.25
90.75 98.75 87.75
1.75 -6.25 1.75
89.75 94.75 33.75
94.75 102.75 41.75
122.75 92.75 60.75
123.75 91.75 53.75
124.75 91.75 50.75
124.75 91.75 47.75
104.75 92.75 53.75
104.75 93.75 49.75
105.75 93.75 45.75
95.75 103.75 49.75
135.75 84.75 59.75
135.75 84.75 55.75
135.75 85.25 51.75
135.75 85.75 47.75
133.75000000000073896 84.75 43.75
73.25 60.75 73.75
73.75 60.75 69.75
118.75 72.75 154.75
118.75 73.75 157.75
102.75 55.75 154.75
102.75 56.75 157.75
102.75 55.75 160.75
108.75 44.75 134.75
109.75 44.75 138.75
1.75 -6.25 1.75
139.75 62.75 51.75
135.75 62.75 41.75
134.75 63.75 37.75
119.75 72.75 47.25
117.75 73.75 41.75
117.75 73.75 38.75
116.75 73.75 35.75
136.75 61.75 135.25
1.75 -6.25 1.75
136.75 69.75 133.75
138.75 74.75 132.75
138.75 78.75 130.75
122.75 63.75 132.75
120.75 67.75 132.75
114.75 83.75 128.75
1.75 -6.25 1.75
152.75 81.75 64.75
151.75 81.75 59.75
150.75 79.75 43.75
150.75 79.75 39.75
130.75 82.75 64.75
131.25 82.75 60.25
130.75 82.75 56.75
129.75 82.75 40.75
115.75 89.75 60.75
115.75 88.75 56.75
117.75 88.75 52.75
1.75 -6.25 1.75
119.75 87.75 45.75
118.75 86.75 41.75
1.75 -6.25 1.75
116.75 86.75 31.75
1.75 -6.25 1.75
104.75 89.25 54.75
104.75 89.75 50.75
106.25 91.75 38.75
106.75 91.75 34.75
1.75 -6.25 1.75
112.75 65.75 36.75
112.75 65.75 33.75
103.75 76.25 47.75
103.75 76.75 43.75
1.75 -6.25 1.75
104.75 78.75 36.75
103.75 78.75 33.75
76.25 55.75 70.75
75.083333330000002093 56.416666669999997907 65.75
73.75 55.75 51.75
73.75 55.75 47.75
1.75 -6.25 1.75
72.75 55.75 41.75
62.75 73.75 111.75
65.75 75.75 138.75
65.75 88.75 107.75
100.75 103.75 154.75
83.75 96.75 147.75
83.75 96.75 150.75
80.75 118.75 103.75
79.75 118.25 108.25
78.75 116.75 111.75
1.75 -6.25 1.75
1.75 -6.25 1.75
77.75 116.75 138.75
78.75 116.75 142.75
80.75 115.75 147.75
1.75 -6.25 1.75
1.75 -6.25 1.75
161.75 93.75 44.75
132.75 111.75 54.75
1.75 -6.25 1.75
1.75 -6.25 1.75
74.75 101.25 66.25
76.75 102.75 60.25
79.75 103.75 54.75
143.75 79.75 45.75
143.75 79.75 41.75
133.75000000000073896 85.25 52.75
133.75000000000073896 85.75 48.75
121.75 86.75 39.75
1.75 -6.25 1.75
100.75 93.75 44.75
100.75 93.75 40.75
1.75 -6.25 1.75
132.75 53.75 50.75
113.75 69.75 49.25
1.75 -6.25 1.75
113.75 118.75 133.75
112.75 118.75 137.75
112.75 118.75 140.75
1.75 -6.25 1.75
113.75 117.75 146.75
1.75 -6.25 1.75
80.75 68.75 142.75
80.75 68.75 146.75
1.75 -6.25 1.75
79.75 69.75 152.75
75.75 131.75 60.75
1.75 -6.25 1.75
75.75 132.75 55.75
60.75 120.75 77.75
1.75 -6.25 1.75
60.75 119.75 72.75
1.75 -6.25 1.75
118.75 128.75 64.75
118.75 128.75 60.75
118.75 128.75 57.75
118.75 128.75 53.75
140.25 103.75 92.75
139.75 102.75 87.75
1.75 -6.25 1.75
141.75 102.75 47.75
142.75 102.75 44.75
1.75 -6.25 1.75
120.75 100.75 42.75
120.75 100.75 38.75
100.75 120.75 90.75
101.75 120.75 87.75
1.75 -6.25 1.75
101.75 118.75 54.75
101.75 118.75 50.75
100.75 118.75 46.75
100.75 118.25 44.75
73.75 115.75 71.75
70.75 117.75 71.75
67.75 118.25 73.25
62.75 119.75 73.75
1.75 -6.25 1.75
76.25 108.25 88.75
77.75 108.75 84.75
76.75 110.75 62.75
76.75 109.75 58.75
77.75 109.75 54.75
79.75 108.75 50.75
1.75 -6.25 1.75
95.75 97.75 94.25
95.75 98.75 89.75
84.75 97.75 50.75
84.75 97.75 46.75
82.75 95.75 42.75
68.75 76.75 46.75
69.75 76.75 42.75
51.75 71.750000000000653699 93.75
51.75 71.750000000000653699 89.75
51.75 72.75 87.75
51.75 70.75 60.75
1.75 -6.25 1.75
76.75 61.75 71.75
95.75 100.75 90.75
95.75 100.75 87.75
94.75 100.75 83.75
92.75 101.75 48.75
92.75 101.25 45.75
1.75 -6.25 1.75
95.75 120.75 63.75
109.75 77.75 58.25
109.75 77.75 53.25
108.75 76.75 41.75
108.75 77.75 38.75
108.75 78.25 35.75
70.75 106.75 90.75
70.75 106.75 87.75
69.75 107.75 72.75
69.75 107.75 68.75
69.75 107.75 65.75
71.75 107.75 48.75
71.75 107.75 45.75
1.75 -6.25 1.75
64.75 85.75 89.75
1.75 -6.25 1.75
81.75 72.75 153.75
81.75 73.75 156.75
1.75 -6.25 1.75
150.75 82.75 129.75
160.75 99.75 131.75
161.75 104.75 131.75
1.75 -6.25 1.75
94.75 83.75 149.75
1.75 -6.25 1.75
94.75 84.75 155.75
112.75 93.75 155.75
113.75 95.75 160.75
1.75 -6.25 1.75
69.75 86.75 102.75
69.75 87.25 105.75
69.75 87.25 108.75
1.75 -6.25 1.75
71.75 88.75 131.25
72.75 89.75 136.75
170.75 93.75 87.75
167.75 104.25 72.75
166.75 105.75 68.75
165.75 107.75 65.75
166.75 108.75 62.75
1.75 -6.25 1.75
167.25 112.25 57.75
137.75 112.75 85.75
139.75 120.75 72.75
140.75 121.75 68.75
140.75 123.75 66.75
1.75 -6.25 1.75
142.75 127.75 56.75
1.75 -6.25 1.75
158.75 63.75 126.75
159.75 65.75 131.75
160.75 67.75 134.75
161.75 69.75 136.75
171.75 97.75 123.75
171.75 99.75 126.75
172.75 102.75 128.75
1.75 -6.25 1.75
141.25 107.25 105.25
143.75 110.75 108.75
145.75 116.75 122.75
146.75 117.75 124.75
147.75 121.75 133.75
148.75 123.75 135.75
1.75 -6.25 1.75
140.75 37.75 146.75
140.75 37.75 150.75
141.75 36.75 154.75
1.75 -6.25 1.75
120.75 45.75 156.75
142.75 65.75 60.75
140.75 68.75 60.75
139.75 72.75 62.75
138.75 75.75 62.75
135.75 79.75 63.75
133.75000000000071054 82.75 63.75
132.75 85.75 64.75
136.75 123.75 84.75
135.75 126.75 84.75
135.75 130.75 85.75
132.75 136.75 85.75
129.75 139.75 86.75
128.75 143.75 87.75
127.75 146.75 88.75
124.75 108.75 86.75
122.75 112.75 87.75
1.75 -6.25 1.75
1.75 -6.25 1.75
120.75 123.75 86.75
116.75 133.75 85.75
115.75 136.75 85.75
113.75 139.75 83.25
112.75 143.75 82.75
111.75 148.25 82.75
109.75 151.75 82.75
1.75 -6.25 1.75
169.75 94.75 110.25
1.75 -6.25 1.75
171.75 101.75 136.75
153.75 105.75 107.75
156.25 114.25 133.25
156.75 115.75 135.75
157.75 117.75 139.75
169.75 105.75 103.75
169.75 108.75 105.75
1.75 -6.25 1.75
171.25 122.75 113.75
125.75 46.75 115.75
126.25 47.25 118.75
127.75 44.25 121.75
128.75 44.75 126.75
114.75 48.75 123.75
115.75 49.25 126.75
1.75 -6.25 1.75
1.75 -6.25 1.75
169.75 65.75 66.75
171.75 69.083333332999998788 62.083333330000002093
1.75 -6.25 1.75
175.75 73.75 50.75
169.75 80.75 90.75
1.75 -6.25 1.75
169.75 87.75 57.75
169.75 89.75 51.75
81.75 90.75 87.75
80.75 93.75 83.75
1.75 -6.25 1.75
75.75 98.75 76.75
87.75 66.75 34.75
1.75 -6.25 1.75
1.75 -6.25 1.75
48.75 73.75 129.75
49.75 74.75 133.75
49.75 73.75 137.75
170.75 63.75 93.75
169.75 63.75 86.75
166.75 90.25 90.75
142.75 101.25 91.75
142.75 101.75 84.75
148.75 106.75 57.75
1.75 -6.25 1.75
150.75 132.75 70.75
152.75 136.75 67.75
1.75 -6.25 1.75
163.75 55.75 104.75
163.75 56.75 109.75
163.75 59.75 114.75
1.75 -6.25 1.75
163.75 59.75 126.75
164.25 60.75 132.75
163.75 63.75 137.75
166.75 88.75 104.75
165.75 89.75 111.75
164.75 91.75 134.75
1.75 -6.25 1.75
125.75 63.75 136.75
104.75 53.75 135.75
126.75 122.75 102.75
129.75 127.75 104.75
134.75 134.75 109.75
137.75 138.75 112.75
125.75 112.75 129.25
126.75 113.75 134.75
125.75 114.75 140.75
125.75 115.75 144.75
73.75 69.25 107.25
71.75 71.750000000000653699 111.75
169.75 79.75 86.75
170.75 91.75 64.75
1.75 -6.25 1.75
140.75 108.75 90.25
140.75 109.75 84.75
142.75 110.75 79.75
145.75 113.75 61.75
171.75 77.75 108.75
172.75 79.75 113.25
1.75 -6.25 1.75
1.75 -6.25 1.75
144.75 109.25 107.75
144.75 109.75 112.75
101.75 67.75 66.75
99.75 65.75 53.75
99.75 65.75 48.25
1.75 -6.25 1.75
101.75 64.75 36.75
101.75 64.75 32.75
100.75 66.75 27.25
85.75 97.75 84.75
1.75 -6.25 1.75
86.75 96.75 45.75
1.75 -6.25 1.75
82.75 120.75 82.75
81.75 121.75 68.75
80.75 121.75 64.75
78.75 122.75 60.75
80.75 123.75 57.75
1.75 -6.25 1.75
63.75 105.75 74.75
62.75 104.75 70.75
64.75 105.75 64.75
65.083333330000002093 104.75 58.083333330000002093
1.75 -6.25 1.75
157.75 98.75 93.75
157.75 101.75 93.75
157.75 105.75 91.75
158.75 109.75 90.75
160.25 114.75 90.75
161.25 118.75 89.75
1.75 -6.25 1.75
141.75 110.75 92.75
140.75 113.75 90.75
139.75 118.75 89.75
148.75 135.75 82.75
1.75 -6.25 1.75
154.25 53.75 106.75
1.75 -6.25 1.75
156.75 63.75 125.75
157.75 65.75 129.75
158.75 67.75 132.75
163.75 99.75 106.75
164.75 102.75 106.75
1.75 -6.25 1.75
163.75 126.75 108.75
163.75 131.25 108.75
163.75 134.75 109.75
1.75 -6.25 1.75
152.75 105.75 133.75
153.75 110.75 130.75
156.75 118.75 127.75
116.75 46.75 123.75
117.75 46.75 126.75
117.75 46.75 130.75
117.75 46.75 133.75
1.75 -6.25 1.75
72.75 89.75 108.75
1.75 -6.25 1.75
1.75 -6.25 1.75
79.25 116.75 140.75
1.75 -6.25 1.75
67.75 121.75 123.75
66.75 123.75 125.75
67.75 124.75 128.75
71.75 127.75 133.75
71.75 129.75 135.75
103.75 64.75 69.75
102.75 66.75 63.75
166.75 67.75 105.25
169.75 72.75 129.75
171.75 72.75 133.75
173.25 73.25 138.75
153.75 101.75 97.75000000000166267
155.75 103.25 102.75
1.75 -6.25 1.75
157.75 101.75 111.75
91.75 101.75 107.75
89.75 102.75 111.75
83.75 105.75 143.75
122.75 87.75 135.75
118.25 91.75 135.75
166.75 50.75 89.75
166.75 52.75 85.75
166.75 57.75 70.75
1.75 -6.25 1.75
1.75 -6.25 1.75
91.75 116.75 134.75
90.75 116.75 139.75
89.75 117.75 143.75
1.75 -6.25 1.75
98.75 76.25 40.75
81.75 102.75 53.75
102.25 53.75 41.75
101.75 53.75 38.75
1.75 -6.25 1.75
1.75 -6.25 1.75
50.75 73.75 83.75
52.75 74.75 79.75
52.75 73.75 76.75
1.75 -6.25 1.75
53.75 75.75 56.75
54.75 76.75 53.75
55.75 78.75 49.75
158.75 92.75 85.75
158.75 92.75 61.75
1.75 -6.25 1.75
159.75 92.75 50.75
136.75 116.25 87.25
138.75 120.75 83.75
141.75 123.75 78.25
144.25 127.75 73.75
1.75 -6.25 1.75
147.75 132.75 65.75
149.75 136.75 61.75
1.75 -6.25 1.75
172.75 82.75 56.75
172.75 84.75 51.75
172.75 100.75 67.25
173.25 100.75 61.75
1.75 -6.25 1.75
173.75 105.25 55.75
142.75 110.75 136.75
141.75 110.75 139.75
140.75 110.75 143.75
139.75 110.75 146.75
139.75 109.75 149.75
1.75 -6.25 1.75
138.75 107.75 157.25
166.75 69.75 71.75
166.75 73.75 69.25
167.75 76.75 65.75
166.75 98.75 66.75
153.75 99.75 89.75
1.75 -6.25 1.75
152.75 103.75 82.75
114.75 51.75 43.75
116.75 45.75 136.75
115.75 44.75 140.75
1.75 -6.25 1.75
1.75 -6.25 1.75
115.75 42.75 155.75
115.75 41.75 161.75
1.75 -6.25 1.75
1.75 -6.25 1.75
71.75 70.75 79.75
1.75 -6.25 1.75
70.75 69.75 57.75
70.75 69.75 51.75
70.75 69.75 46.75
188.75 66.75 89.75
189.75 68.75 87.75
1.75 -6.25 1.75
186.75 89.75 68.75
1.75 -6.25 1.75
151.75 58.75 87.75
178.75 68.25 48.75
166.75 63.75 68.75
167.75 63.75 64.75
168.75 64.75 60.75
169.75 64.75 57.75
173.75 80.75 62.75
172.75 80.75 56.75
76.75 94.75 81.75
170.25 80.75 128.75
171.25 82.75 131.75
1.75 -6.25 1.75
130.75 42.75 48.75
1.75 -6.25 1.75
131.75 40.75 37.75
131.75 40.75 31.25
1.75 -6.25 1.75
114.75 41.75 29.75
92.75 61.75 41.75
92.75 62.75 36.75
131.75 113.75 101.75
129.75 116.75 129.75
128.75 117.75 133.75
129.75 81.75 136.75
130.75 82.75 140.75
130.75 85.25 142.75
130.75 91.75 162.75
132.75 93.75 167.75
166.75 126.75 103.75
164.75 125.75 105.75
163.75 124.75 109.75
160.75 125.75 113.75
159.75 126.75 116.75
1.75 -6.25 1.75
157.75 128.75 123.75
1.75 -6.25 1.75
155.75 127.75 130.75
133.75000000000110845 133.75 103.75
132.75 132.75 112.75
132.75 132.75 116.75
132.25 133.75 121.25
132.75 134.75 124.75
131.75 134.75 127.75
130.75 134.75 132.75
128.75 132.75 136.75
131.75 46.75 148.75
132.75 47.75 152.75
132.75 49.75 157.75
94.416666669999997907 67.416666667000001212 115.75
94.75 67.75 118.75
95.75 67.75 121.75
1.75 -6.25 1.75
96.75 65.75 148.75
163.75 51.75 109.75
162.75 66.75 138.75
1.75 -6.25 1.75
1.75 -6.25 1.75
162.75 74.75 152.25
128.75 38.75 45.75
122.75 44.75 40.75
1.75 -6.25 1.75
158.75 52.75 83.75
158.75 53.75 80.75
159.75 56.25 76.75
164.75 64.75 52.75
157.75 65.75 86.75
1.75 -6.25 1.75
157.75 66.75 75.75
159.75 66.75 70.75
160.75 66.75 64.75
158.75 68.75 58.75
160.08333332999998788 68.75 54.416666669999997907
160.25 70.75 47.75
91.75 113.75 85.75
90.75 114.75 80.75
86.75 116.75 66.75
85.75 116.75 62.75
1.75 -6.25 1.75
86.75 117.75 52.75
143.75 93.75 61.75
146.75 100.75 60.75
1.75 -6.25 1.75
125.75 55.75 64.75
129.75 48.75 48.75
1.75 -6.25 1.75
131.75 43.75 39.75
118.75 58.75 70.75
119.75 57.75 64.75
119.75 55.75 58.25
119.75 52.75 43.75
119.75 49.75 38.75
1.75 -6.25 1.75
107.75 65.75 63.75
100.75 62.75 45.25
100.75 61.75 39.75
99.75 61.75 34.75
120.75 53.75 60.75
120.75 50.75 48.25
121.75 50.75 42.75
120.75 48.75 36.75
1.75 -6.25 1.75
1.75 -6.25 1.75
164.75 57.75 86.75
165.75 60.75 82.75
166.75 87.75 85.75
167.75 89.75 66.75
153.75 101.75 81.75
155.75 106.75 65.75
1.75 -6.25 1.75
114.75 84.75 65.75
110.75 88.75 66.75
107.75 93.75 66.75
103.75 102.75 136.75
103.75 102.75 139.75
103.75 102.75 142.75
103.25 102.75 145.75
102.75 103.75 148.75
96.75 91.75 134.75
96.75 90.75 139.75
96.75 90.75 142.75
94.75 90.75 146.75
1.75 -6.25 1.75
1.75 -6.25 1.75
134.75 123.75 85.75
137.75 127.75 82.75
1.75 -6.25 1.75
142.75 139.75 75.75
143.75 145.75 73.75
160.75 60.75 86.25
174.75 83.75 83.75
175.75 83.75 80.75
177.75 83.75 64.75
176.75 83.75 59.25
1.75 -6.25 1.75
1.75 -6.25 1.75
90.75 95.75 84.75
1.75 -6.25 1.75
1.75 -6.25 1.75
84.75 103.75 42.75
153.75 79.75 61.75
155.75 83.75 61.75
85.75 55.75 57.75
84.75 55.75 53.75
84.75 57.25 49.75
83.75 58.75 44.75
83.75 58.75 41.75
82.75 58.75 38.75
82.75 58.75 36.75
1.75 -6.25 1.75
172.75 73.75 83.75
173.75 74.75 61.25
174.75 74.75 53.75
174.75 74.75 47.75
128.75 47.75 53.75
129.75 46.75 48.75
1.75 -6.25 1.75
129.75 43.75 39.75
117.75 50.75 44.75
1.75 -6.25 1.75
1.75 -6.25 1.75
1.75 -6.25 1.75
105.75 57.75 41.75
1.75 -6.25 1.75
106.75 57.75 31.75
80.75 127.75 97.750000000002060574
1.75 -6.25 1.75
77.25 128.25 108.75
74.75 128.75 114.75
72.25 130.75 117.75
71.75 131.75 121.75
71.75 132.75 125.75
92.75 108.75 105.75
92.75 108.75 110.75
91.75 109.75 116.75
1.75 -6.25 1.75
1.75 -6.25 1.75
1.75 -6.25 1.75
55.75 90.75 107.75
1.75 -6.25 1.75
56.75 92.75 117.75
55.75 94.75 123.75
56.75 73.75 106.75
1.75 -6.25 1.75
53.75 75.75 130.75
53.75 75.75 135.75
164.75 50.75 82.75
1.75 -6.25 1.75
164.75 53.75 75.75
1.75 -6.25 1.75
167.75 55.75 69.75
167.75 56.75 66.75
169.75 58.75 63.75
169.75 61.75 60.75
1.75 -6.25 1.75
1.75 -6.25 1.75
98.25 78.75 40.75
98.75 79.75 38.75
1.75 -6.25 1.75
99.75 80.75 32.75
100.75 81.75 29.25
167.25 55.25 103.75
167.75 57.75 106.75
166.75 59.75 110.25
1.75 -6.25 1.75
1.75 -6.25 1.75
91.75 85.75 155.75
91.75 85.75 158.75
91.75 86.75 162.75
114.75 74.75 52.75
115.75 74.75 45.75
116.75 74.75 39.75
118.75 75.75 35.75
120.75 75.75 30.75
1.75 -6.25 1.75
172.75 88.75 67.75
172.75 88.75 61.25
173.75 90.75 53.75
87.75 102.75 82.75
86.75 103.75 76.75
86.75 104.75 52.75
87.75 103.75 46.75
86.75 103.75 41.75
52.75 88.75 89.75
47.75 90.75 73.75
45.75 89.75 67.75
98.75 70.75 55.75
99.75 70.25 48.75
1.75 -6.25 1.75
101.75 73.75 36.75
100.75 76.25 31.75
101.75 78.75 26.75
38.75 71.750000000000653699 81.75
38.75 72.75 76.75
1.75 -6.25 1.75
47.75 83.75 81.75
46.75 87.25 75.25
45.75 86.25 69.75
44.75 86.75 62.75
1.75 -6.25 1.75
165.75 60.75 81.75
170.75 67.25 66.25
133.75000000000042633 45.75 50.75
133.7500000000003979 42.75 46.75
1.75 -6.25 1.75
111.75 47.75 53.75
112.75 48.75 49.25
1.75 -6.25 1.75
113.75 50.75 40.75
1.75 -6.25 1.75
86.75 60.75 53.75
86.25 62.75 48.75
86.75 62.75 44.75
85.75 63.75 41.75
85.75 63.75 37.75
84.75 63.75 34.75
84.75 63.75 32.75
162.75 50.75 109.75
162.75 54.25 119.75
162.75 55.75 124.75
1.75 -6.25 1.75
166.75 58.75 130.75
167.75 60.75 134.75
1.75 -6.25 1.75
107.75 51.75 153.75
1.75 -6.25 1.75
109.75 50.75 159.75
96.75 64.75 146.75
96.75 64.75 149.75
1.75 -6.25 1.75
95.75 67.75 157.75
94.75 68.75 160.75
130.75 48.75 58.75
1.75 -6.25 1.75
1.75 -6.25 1.75
134.75 46.75 48.75
118.75 52.75 42.75
87.75 75.75 50.75
1.75 -6.25 1.75
111.75 50.75 139.75
78.75 68.25 138.75
75.75 70.75 140.25
99.75 58.75 129.75
97.75 61.75 135.75
88.75 67.75 148.75
1.75 -6.25 1.75
82.75 71.750000000000653699 156.75
80.75 74.75 161.25
93.75 73.75 146.75
93.25 73.25 150.75
92.75 74.75 156.75
91.25 76.25 160.75
91.75 77.75 166.75
74.75 72.75 139.75
1.75 -6.25 1.75
1.75 -6.25 1.75
69.75 74.75 153.75
77.75 86.75 111.75
75.75 87.75 115.75
73.75 89.25 119.75
73.75 91.75 132.75
1.75 -6.25 1.75
1.75 -6.25 1.75
141.75 94.75 144.75
66.75 76.25 108.75
68.75 65.75 115.75
164.75 59.75 140.75
154.75 64.75 140.75
144.75 71.750000000000653699 140.75
1.75 -6.25 1.75
1.75 -6.25 1.75
1.75 -6.25 1.75
145.75 106.75 142.75
72.75 80.75 158.75
80.75 90.25 159.75
1.75 -6.25 1.75
95.75 108.75 151.75
109.75 73.75 165.75
122.75 89.75 161.75
126.75 98.75 159.75
132.75 106.75 154.75
1.75 -6.25 1.75
91.75 144.75 124.25
102.75 144.75 122.75
112.75 145.75 118.75
122.75 62.75 135.75
127.75 61.75 140.75
162.75 59.25 44.75
172.25 66.75 48.75
132.75 84.25 31.25
138.75 92.75 35.75
156.75 116.75 49.75
161.75 127.75 60.75
163.75 133.75 73.25
188.75 106.75 105.75
156.75 106.75 102.75
171.75 109.75 101.75
146.75 113.25 101.75
159.75 114.75 101.75
1.75 -6.25 1.75
170.25 126.75 125.75
162.75 131.75 117.75
118.75 95.75 163.75
129.416666666999987 106.41666666999999791 160.0833333300000163
142.75 112.75 153.75
151.75 113.75 146.75
171.75 50.25 104.75
164.75 53.75 114.75
160.75 56.75 124.75
192.75 78.75 67.75
184.75 76.75 59.75
180.75 71.750000000000653699 53.75
92.75 107.75 73.25
1.75 -6.25 1.75
78.75 122.75 74.75
70.75 129.75 74.75
62.75 136.75 79.75
73.75 85.75 60.75
66.75 93.75 57.75
53.75 95.75 60.75
47.75 101.75 58.75
61.75 117.75 53.75
66.75 112.75 47.75
72.75 107.75 40.75
1.75 -6.25 1.75
87.75 114.75 68.75
85.75 133.75 42.75
91.75 127.75 35.75
154.75 93.75 154.75
101.08333333000000209 95.75 163.4166666699999837
89.75 91.75 165.75
122.75 117.75 97.750000000001904255
118.75 126.75 98.75
115.75 138.75 101.25
106.75 123.75 98.75
106.75 129.75 97.750000000002088996
105.75 140.25 99.75
97.75 125.75 95.75
95.75 136.75 98.75
93.75 144.75 102.75
122.75 79.75 134.75
120.75 81.75 135.75
126.75 80.75 130.75
140.75 42.75 152.75
133.75000000000045475 49.75 157.75
124.75 56.75 162.75
161.75 79.75 146.75
151.75 79.75 148.75
170.75 90.75 146.75
1.75 -6.25 1.75
152.75 91.75 150.75
144.75 90.75 149.75
171.75 103.75 140.75
1.75 -6.25 1.75
153.75 102.75 150.75
1.75 -6.25 1.75
128.75 99.75 153.75
117.75 98.75 156.75
52.75 64.75 123.75
1.75 -6.25 1.75
63.75 64.75 141.75
77.75 72.75 155.75
1.75 -6.25 1.75
50.75 91.75 138.75
60.25 91.75 147.75
149.75 54.25 154.75
148.75 54.75 159.75
171.75 75.25 149.25
163.75 77.75 151.75
157.75 76.75 153.75
150.75 79.75 154.75
144.75 81.75 155.75
135.75 79.75 160.75
172.75 90.75 149.75
166.75 89.75 153.75
159.75 91.75 154.75
152.75 92.75 155.75
1.75 -6.25 1.75
137.75 91.75 166.75
127.75 91.75 171.75
162.75 41.75 106.75
167.75 43.75 116.75
166.75 50.25 137.75
161.75 56.75 144.75
146.75 75.75 131.75
149.75 72.75 137.75
143.75 75.75 132.75
144.75 74.75 137.75
116.75 61.75 156.75
105.75 34.75 133.75
107.75 34.75 135.75
109.75 34.75 138.75
114.75 33.75 143.75
106.75 35.75 134.75
105.75 36.75 141.75
102.75 35.75 150.75
103.75 40.75 160.75
110.75 48.75 168.75
120.75 57.75 169.75
43.75 54.75 134.25
50.75 56.75 144.75
58.75 58.75 151.75
70.75 59.75 161.75
86.75 63.75 169.75
1.75 -6.25 1.75
113.75 70.75 167.75
48.75 90.75 129.75
53.75 95.75 132.75
59.75 69.75 106.75
55.75 99.75 102.75
174.75 90.75 45.25
165.75 98.75 44.75
155.75 104.75 44.75
1.75 -6.25 1.75
157.75 72.75 40.75
184.75 56.75 65.75
1.75 -6.25 1.75
188.75 114.75 85.75
178.25 119.75 82.75
166.75 126.75 79.75
160.75 130.75 78.75
1.75 -6.25 1.75
140.75 139.75 73.75
129.75 145.75 72.75
165.75 118.75 72.75
157.75 125.75 70.75
149.75 129.75 66.75
1.75 -6.25 1.75
170.75 102.75 63.75
1.75 -6.25 1.75
153.25 113.75 60.25
1.75 -6.25 1.75
180.75 86.75 61.75
170.75 91.75 59.75
160.75 98.25 55.75
150.75 105.75 53.75
177.75 76.75 55.25
167.75 82.75 55.75
1.75 -6.25 1.75
172.75 66.25 54.75
162.25 72.75 50.75
152.75 79.75 47.75
143.75 85.75 42.75
133.75000000000079581 93.75 41.75
1.75 -6.25 1.75
135.75 76.75 44.75
127.75 83.25 41.75
192.25 70.75 52.75
197.75 81.75 60.75
141.75 29.75 52.75
139.75 33.75 46.75
136.75 41.75 46.75
135.75 49.75 45.75
132.25 62.75 42.75
96.75 156.75 82.75
103.75 149.75 56.25
109.75 128.75 39.75
112.75 103.75 34.75
194.75 61.75 80.75
148.75 68.75 46.75
167.75 129.75 74.75
160.75 108.75 52.75
150.75 86.75 47.75
96.25 54.75 36.75
132.75 94.75 41.75
95.75 107.75 40.75
1.75 -6.25 1.75
1.75 -6.25 1.75
86.75 131.75 79.75
125.41666666700000121 73.75 58.083333330000002093
120.75 84.75 61.75
114.75 95.75 66.75
80.75 62.75 63.75
1.75 -6.25 1.75
175.75 80.75 147.75
156.75 85.75 150.75
144.75 107.75 152.75
144.75 136.75 131.75
149.75 141.75 110.75
162.75 60.75 105.75
159.75 109.75 113.75
153.75 100.75 111.75
153.75 112.75 113.75
153.75 121.75 113.75
1.75 -6.25 1.75
97.75 68.75 166.75
1.75 -6.25 1.75
101.75 110.75 158.75
85.25 112.25 108.75
82.75 124.75 110.75
77.75 134.75 111.75
132.75 71.750000000000653699 133.75
123.75 80.75 132.75
118.75 88.75 131.75
79.75 64.75 134.75
148.75 78.75 70.75
151.75 98.75 67.75
154.75 112.75 68.75
1.75 -6.25 1.75
174.75 63.25 46.75
164.75 68.75 42.75
154.75 70.75 40.25
144.75 71.750000000000653699 37.75
134.75 73.75 32.75
181.75 90.75 56.75
174.75 90.75 49.75
165.75 88.75 45.75
156.75 87.75 38.75
153.75 109.75 47.75
149.75 102.75 41.75
142.75 95.75 38.75
100.75 49.75 38.75
103.75 57.75 34.75
1.75 -6.25 1.75
85.75 106.75 34.75
1.75 -6.25 1.75
97.75 94.75 28.75
105.75 85.75 31.25
110.75 75.75 31.75
81.75 128.75 47.75
84.75 123.75 40.75
92.75 117.75 37.75
99.75 107.75 31.75
104.75 98.75 30.75
112.08333333000000209 91.083333330000002093 30.083333330000002093
117.75 82.75 32.75
51.75 113.25 60.75
59.75 123.75 60.75
46.75 119.75 76.75
54.75 127.75 73.75
84.75 108.75 41.75
1.75 -6.25 1.75
1.75 -6.25 1.75
1.75 -6.25 1.75
73.75 76.75 38.75
115.75 60.75 30.75
1.75 -6.25 1.75
99.75 61.75 30.75
92.25 63.75 30.75
82.75 65.75 32.75
47.75 97.75 93.75
51.75 113.75 92.25
1.75 -6.25 1.75
64.25 136.75 90.25
1.75 -6.25 1.75
33.75 94.75 95.75
35.75 110.75 95.75
43.75 77.75 95.75
45.75 86.75 95.75
49.75 97.75 94.75
51.75 111.75 93.75
55.75 125.75 91.75
54.75 57.75 75.75
1.75 -6.25 1.75
75.25 58.75 47.25
87.75 60.75 40.75
99.75 80.75 159.75
143.75 69.75 154.75
105.75 92.75 158.75
160.75 75.75 148.75
165.75 87.75 151.75
172.75 99.75 149.75
1.75 -6.25 1.75
62.75 72.75 155.75
67.75 86.25 154.75
73.75 99.75 156.75
79.75 108.75 155.75
1.75 -6.25 1.75
1.75 -6.25 1.75
92.75 131.75 151.75
79.75 71.750000000000653699 154.75
87.75 84.75 156.75
91.75 97.75 158.75
95.75 107.75 158.25
1.75 -6.25 1.75
136.75 86.416666669999997907 156.4166666699999837
126.75 87.75 160.75
116.75 88.75 168.75
155.75 77.75 149.75
141.25 81.75 154.75
126.75 85.75 160.75
159.75 70.75 143.75
147.75 71.750000000000653699 149.75
129.25 118.75 97.750000000001918465
136.75 121.75 98.75
